0	2.3
0.00000002	2.3
0.00000004	2.3
0.00000006	2.28
0.00000008	2.26
0.0000001	2.26
0.00000012	2.24
0.00000014	2.22
0.00000016	2.2
0.00000018	2.18
0.0000002	2.16
0.00000022	2.14
0.00000024	2.12
0.00000026	2.1
0.00000028	2.08
0.0000003	2.06
0.00000032	2.04
0.00000034	2.02
0.00000036	2
0.00000038	1.96
0.0000004	1.94
0.00000042	1.92
0.00000044	1.9
0.00000046	1.88
0.00000048	1.86
0.0000005	1.82
0.00000052	1.8
0.00000054	1.78
0.00000056	1.74
0.00000058	1.72
0.0000006	1.7
0.00000062	1.68
0.00000064	1.64
0.00000066	1.6
0.00000068	1.58
0.0000007	1.56
0.00000072	1.52
0.00000074	1.5
0.00000076	1.46
0.00000078	1.44
0.0000008	1.4
0.00000082	1.38
0.00000084	1.34
0.00000086	1.32
0.00000088	1.28
0.0000009	1.26
0.00000092	1.22
0.00000094	1.18
0.00000096	1.16
0.00000098	1.14
0.000001	1.1
0.00000102	1.06
0.00000104	1.02
0.00000106	1
0.00000108	0.96
0.0000011	0.94
0.00000112	0.9
0.00000114	0.86
0.00000116	0.84
0.00000118	0.8
0.0000012	0.76
0.00000122	0.72
0.00000124	0.7
0.00000126	0.66
0.00000128	0.64
0.0000013	0.6
0.00000132	0.56
0.00000134	0.54
0.00000136	0.5
0.00000138	0.46
0.0000014	0.42
0.00000142	0.4
0.00000144	0.36
0.00000146	0.34
0.00000148	0.3
0.0000015	0.26
0.00000152	0.24
0.00000154	0.2
0.00000156	0.16
0.00000158	0.14
0.0000016	0.1
0.00000162	0.06
0.00000164	0.04
0.00000166	0
0.00000168	-0.04
0.0000017	-0.06
0.00000172	-0.1
0.00000174	-0.12
0.00000176	-0.16
0.00000178	-0.18
0.0000018	-0.22
0.00000182	-0.24
0.00000184	-0.28
0.00000186	-0.3
0.00000188	-0.34
0.0000019	-0.36
0.00000192	-0.4
0.00000194	-0.42
0.00000196	-0.46
0.00000198	-0.48
0.000002	-0.52
0.00000202	-0.54
0.00000204	-0.56
0.00000206	-0.6
0.00000208	-0.62
0.0000021	-0.66
0.00000212	-0.68
0.00000214	-0.7
0.00000216	-0.74
0.00000218	-0.76
0.0000022	-0.78
0.00000222	-0.82
0.00000224	-0.84
0.00000226	-0.86
0.00000228	-0.88
0.0000023	-0.9
0.00000232	-0.92
0.00000234	-0.96
0.00000236	-0.98
0.00000238	-1
0.0000024	-1.02
0.00000242	-1.04
0.00000244	-1.06
0.00000246	-1.08
0.00000248	-1.1
0.0000025	-1.12
0.00000252	-1.14
0.00000254	-1.16
0.00000256	-1.18
0.00000258	-1.2
0.0000026	-1.22
0.00000262	-1.24
0.00000264	-1.26
0.00000266	-1.26
0.00000268	-1.28
0.0000027	-1.3
0.00000272	-1.32
0.00000274	-1.32
0.00000276	-1.34
0.00000278	-1.36
0.0000028	-1.36
0.00000282	-1.38
0.00000284	-1.4
0.00000286	-1.42
0.00000288	-1.42
0.0000029	-1.42
0.00000292	-1.44
0.00000294	-1.46
0.00000296	-1.46
0.00000298	-1.48
0.000003	-1.48
0.00000302	-1.5
0.00000304	-1.5
0.00000306	-1.5
0.00000308	-1.52
0.0000031	-1.52
0.00000312	-1.52
0.00000314	-1.54
0.00000316	-1.54
0.00000318	-1.54
0.0000032	-1.54
0.00000322	-1.54
0.00000324	-1.56
0.00000326	-1.56
0.00000328	-1.56
0.0000033	-1.56
0.00000332	-1.56
0.00000334	-1.56
0.00000336	-1.56
0.00000338	-1.56
0.0000034	-1.56
0.00000342	-1.56
0.00000344	-1.56
0.00000346	-1.56
0.00000348	-1.56
0.0000035	-1.56
0.00000352	-1.56
0.00000354	-1.56
0.00000356	-1.54
0.00000358	-1.54
0.0000036	-1.54
0.00000362	-1.54
0.00000364	-1.52
0.00000366	-1.52
0.00000368	-1.52
0.0000037	-1.52
0.00000372	-1.5
0.00000374	-1.5
0.00000376	-1.5
0.00000378	-1.48
0.0000038	-1.48
0.00000382	-1.46
0.00000384	-1.46
0.00000386	-1.44
0.00000388	-1.44
0.0000039	-1.42
0.00000392	-1.42
0.00000394	-1.4
0.00000396	-1.4
0.00000398	-1.38
0.000004	-1.38
0.00000402	-1.36
0.00000404	-1.36
0.00000406	-1.34
0.00000408	-1.32
0.0000041	-1.3
0.00000412	-1.3
0.00000414	-1.28
0.00000416	-1.26
0.00000418	-1.26
0.0000042	-1.24
0.00000422	-1.22
0.00000424	-1.22
0.00000426	-1.2
0.00000428	-1.18
0.0000043	-1.16
0.00000432	-1.14
0.00000434	-1.12
0.00000436	-1.12
0.00000438	-1.1
0.0000044	-1.08
0.00000442	-1.06
0.00000444	-1.04
0.00000446	-1.02
0.00000448	-1
0.0000045	-0.98
0.00000452	-0.96
0.00000454	-0.94
0.00000456	-0.92
0.00000458	-0.92
0.0000046	-0.88
0.00000462	-0.86
0.00000464	-0.84
0.00000466	-0.82
0.00000468	-0.8
0.0000047	-0.78
0.00000472	-0.78
0.00000474	-0.74
0.00000476	-0.72
0.00000478	-0.7
0.0000048	-0.68
0.00000482	-0.66
0.00000484	-0.64
0.00000486	-0.62
0.00000488	-0.6
0.0000049	-0.58
0.00000492	-0.56
0.00000494	-0.54
0.00000496	-0.52
0.00000498	-0.5
0.000005	-0.46
0.00000502	-0.44
0.00000504	-0.42
0.00000506	-0.4
0.00000508	-0.38
0.0000051	-0.36
0.00000512	-0.34
0.00000514	-0.32
0.00000516	-0.3
0.00000518	-0.26
0.0000052	-0.24
0.00000522	-0.22
0.00000524	-0.2
0.00000526	-0.18
0.00000528	-0.16
0.0000053	-0.14
0.00000532	-0.12
0.00000534	-0.1
0.00000536	-0.08
0.00000538	-0.06
0.0000054	-0.04
0.00000542	-0.02
0.00000544	0
0.00000546	0.02
0.00000548	0.04
0.0000055	0.06
0.00000552	0.1
0.00000554	0.12
0.00000556	0.14
0.00000558	0.16
0.0000056	0.18
0.00000562	0.2
0.00000564	0.22
0.00000566	0.24
0.00000568	0.26
0.0000057	0.28
0.00000572	0.28
0.00000574	0.32
0.00000576	0.34
0.00000578	0.36
0.0000058	0.38
0.00000582	0.38
0.00000584	0.4
0.00000586	0.42
0.00000588	0.44
0.0000059	0.46
0.00000592	0.48
0.00000594	0.5
0.00000596	0.52
0.00000598	0.54
0.000006	0.54
0.00000602	0.56
0.00000604	0.58
0.00000606	0.6
0.00000608	0.62
0.0000061	0.62
0.00000612	0.64
0.00000614	0.66
0.00000616	0.68
0.00000618	0.7
0.0000062	0.7
0.00000622	0.72
0.00000624	0.72
0.00000626	0.74
0.00000628	0.76
0.0000063	0.78
0.00000632	0.8
0.00000634	0.8
0.00000636	0.8
0.00000638	0.84
0.0000064	0.84
0.00000642	0.84
0.00000644	0.86
0.00000646	0.86
0.00000648	0.88
0.0000065	0.88
0.00000652	0.9
0.00000654	0.9
0.00000656	0.92
0.00000658	0.94
0.0000066	0.94
0.00000662	0.96
0.00000664	0.96
0.00000666	0.96
0.00000668	0.98
0.0000067	0.98
0.00000672	0.98
0.00000674	1
0.00000676	1
0.00000678	1
0.0000068	1.02
0.00000682	1.02
0.00000684	1.02
0.00000686	1.02
0.00000688	1.04
0.0000069	1.04
0.00000692	1.04
0.00000694	1.04
0.00000696	1.04
0.00000698	1.06
0.000007	1.06
0.00000702	1.06
0.00000704	1.06
0.00000706	1.06
0.00000708	1.06
0.0000071	1.06
0.00000712	1.06
0.00000714	1.06
0.00000716	1.06
0.00000718	1.06
0.0000072	1.06
0.00000722	1.08
0.00000724	1.06
0.00000726	1.06
0.00000728	1.06
0.0000073	1.06
0.00000732	1.06
0.00000734	1.06
0.00000736	1.06
0.00000738	1.06
0.0000074	1.06
0.00000742	1.04
0.00000744	1.04
0.00000746	1.04
0.00000748	1.04
0.0000075	1.04
0.00000752	1.04
0.00000754	1.02
0.00000756	1.02
0.00000758	1.02
0.0000076	1
0.00000762	1
0.00000764	1
0.00000766	0.98
0.00000768	0.98
0.0000077	0.98
0.00000772	0.96
0.00000774	0.96
0.00000776	0.96
0.00000778	0.94
0.0000078	0.94
0.00000782	0.94
0.00000784	0.92
0.00000786	0.92
0.00000788	0.9
0.0000079	0.9
0.00000792	0.88
0.00000794	0.88
0.00000796	0.88
0.00000798	0.86
0.000008	0.86
0.00000802	0.84
0.00000804	0.82
0.00000806	0.82
0.00000808	0.8
0.0000081	0.8
0.00000812	0.8
0.00000814	0.78
0.00000816	0.76
0.00000818	0.76
0.0000082	0.74
0.00000822	0.74
0.00000824	0.72
0.00000826	0.72
0.00000828	0.7
0.0000083	0.68
0.00000832	0.68
0.00000834	0.66
0.00000836	0.64
0.00000838	0.64
0.0000084	0.62
0.00000842	0.6
0.00000844	0.58
0.00000846	0.58
0.00000848	0.58
0.0000085	0.56
0.00000852	0.54
0.00000854	0.52
0.00000856	0.52
0.00000858	0.5
0.0000086	0.48
0.00000862	0.46
0.00000864	0.46
0.00000866	0.44
0.00000868	0.42
0.0000087	0.42
0.00000872	0.4
0.00000874	0.38
0.00000876	0.38
0.00000878	0.36
0.0000088	0.34
0.00000882	0.32
0.00000884	0.32
0.00000886	0.3
0.00000888	0.28
0.0000089	0.26
0.00000892	0.26
0.00000894	0.24
0.00000896	0.22
0.00000898	0.22
0.000009	0.2
0.00000902	0.18
0.00000904	0.16
0.00000906	0.16
0.00000908	0.14
0.0000091	0.14
0.00000912	0.12
0.00000914	0.1
0.00000916	0.08
0.00000918	0.06
0.0000092	0.06
0.00000922	0.04
0.00000924	0.02
0.00000926	0.02
0.00000928	0
0.0000093	-0.02
0.00000932	-0.02
0.00000934	-0.04
0.00000936	-0.06
0.00000938	-0.06
0.0000094	-0.08
0.00000942	-0.1
0.00000944	-0.1
0.00000946	-0.12
0.00000948	-0.14
0.0000095	-0.14
0.00000952	-0.16
0.00000954	-0.16
0.00000956	-0.18
0.00000958	-0.2
0.0000096	-0.2
0.00000962	-0.22
0.00000964	-0.24
0.00000966	-0.24
0.00000968	-0.24
0.0000097	-0.26
0.00000972	-0.28
0.00000974	-0.3
0.00000976	-0.3
0.00000978	-0.32
0.0000098	-0.32
0.00000982	-0.34
0.00000984	-0.34
0.00000986	-0.36
0.00000988	-0.38
0.0000099	-0.38
0.00000992	-0.38
0.00000994	-0.4
0.00000996	-0.4
0.00000998	-0.42
0.00001	-0.42
0.00001002	-0.44
0.00001004	-0.44
0.00001006	-0.46
0.00001008	-0.46
0.0000101	-0.48
0.00001012	-0.48
0.00001014	-0.48
0.00001016	-0.5
0.00001018	-0.5
0.0000102	-0.52
0.00001022	-0.52
0.00001024	-0.52
0.00001026	-0.54
0.00001028	-0.54
0.0000103	-0.54
0.00001032	-0.56
0.00001034	-0.56
0.00001036	-0.58
0.00001038	-0.58
0.0000104	-0.58
0.00001042	-0.58
0.00001044	-0.6
0.00001046	-0.6
0.00001048	-0.6
0.0000105	-0.6
0.00001052	-0.62
0.00001054	-0.62
0.00001056	-0.62
0.00001058	-0.62
0.0000106	-0.62
0.00001062	-0.64
0.00001064	-0.64
0.00001066	-0.64
0.00001068	-0.64
0.0000107	-0.64
0.00001072	-0.64
0.00001074	-0.64
0.00001076	-0.66
0.00001078	-0.64
0.0000108	-0.66
0.00001082	-0.66
0.00001084	-0.66
0.00001086	-0.66
0.00001088	-0.66
0.0000109	-0.66
0.00001092	-0.66
0.00001094	-0.66
0.00001096	-0.66
0.00001098	-0.66
0.000011	-0.66
0.00001102	-0.66
0.00001104	-0.66
0.00001106	-0.66
0.00001108	-0.66
0.0000111	-0.66
0.00001112	-0.66
0.00001114	-0.66
0.00001116	-0.66
0.00001118	-0.66
0.0000112	-0.66
0.00001122	-0.66
0.00001124	-0.66
0.00001126	-0.66
0.00001128	-0.64
0.0000113	-0.64
0.00001132	-0.64
0.00001134	-0.64
0.00001136	-0.64
0.00001138	-0.62
0.0000114	-0.64
0.00001142	-0.62
0.00001144	-0.62
0.00001146	-0.62
0.00001148	-0.6
0.0000115	-0.6
0.00001152	-0.6
0.00001154	-0.6
0.00001156	-0.6
0.00001158	-0.58
0.0000116	-0.58
0.00001162	-0.58
0.00001164	-0.58
0.00001166	-0.56
0.00001168	-0.56
0.0000117	-0.56
0.00001172	-0.54
0.00001174	-0.54
0.00001176	-0.54
0.00001178	-0.54
0.0000118	-0.52
0.00001182	-0.52
0.00001184	-0.5
0.00001186	-0.5
0.00001188	-0.5
0.0000119	-0.5
0.00001192	-0.48
0.00001194	-0.48
0.00001196	-0.46
0.00001198	-0.46
0.000012	-0.44
0.00001202	-0.44
0.00001204	-0.44
0.00001206	-0.44
0.00001208	-0.42
0.0000121	-0.42
0.00001212	-0.4
0.00001214	-0.4
0.00001216	-0.4
0.00001218	-0.38
0.0000122	-0.36
0.00001222	-0.36
0.00001224	-0.36
0.00001226	-0.34
0.00001228	-0.34
0.0000123	-0.34
0.00001232	-0.32
0.00001234	-0.32
0.00001236	-0.3
0.00001238	-0.3
0.0000124	-0.28
0.00001242	-0.28
0.00001244	-0.26
0.00001246	-0.26
0.00001248	-0.24
0.0000125	-0.24
0.00001252	-0.22
0.00001254	-0.22
0.00001256	-0.2
0.00001258	-0.2
0.0000126	-0.2
0.00001262	-0.18
0.00001264	-0.18
0.00001266	-0.16
0.00001268	-0.16
0.0000127	-0.14
0.00001272	-0.14
0.00001274	-0.12
0.00001276	-0.12
0.00001278	-0.1
0.0000128	-0.1
0.00001282	-0.08
0.00001284	-0.08
0.00001286	-0.06
0.00001288	-0.06
0.0000129	-0.06
0.00001292	-0.04
0.00001294	-0.02
0.00001296	-0.02
0.00001298	-0.02
0.000013	0
0.00001302	0
0.00001304	0.02
0.00001306	0.02
0.00001308	0.04
0.0000131	0.04
0.00001312	0.04
0.00001314	0.06
0.00001316	0.06
0.00001318	0.08
0.0000132	0.08
0.00001322	0.1
0.00001324	0.1
0.00001326	0.12
0.00001328	0.12
0.0000133	0.12
0.00001332	0.14
0.00001334	0.14
0.00001336	0.16
0.00001338	0.16
0.0000134	0.18
0.00001342	0.18
0.00001344	0.18
0.00001346	0.2
0.00001348	0.2
0.0000135	0.22
0.00001352	0.22
0.00001354	0.22
0.00001356	0.24
0.00001358	0.24
0.0000136	0.24
0.00001362	0.26
0.00001364	0.26
0.00001366	0.28
0.00001368	0.28
0.0000137	0.28
0.00001372	0.28
0.00001374	0.3
0.00001376	0.3
0.00001378	0.3
0.0000138	0.32
0.00001382	0.32
0.00001384	0.32
0.00001386	0.34
0.00001388	0.34
0.0000139	0.34
0.00001392	0.36
0.00001394	0.36
0.00001396	0.36
0.00001398	0.36
0.000014	0.36
0.00001402	0.38
0.00001404	0.38
0.00001406	0.38
0.00001408	0.38
0.0000141	0.4
0.00001412	0.4
0.00001414	0.4
0.00001416	0.4
0.00001418	0.42
0.0000142	0.42
0.00001422	0.42
0.00001424	0.42
0.00001426	0.42
0.00001428	0.42
0.0000143	0.44
0.00001432	0.44
0.00001434	0.44
0.00001436	0.44
0.00001438	0.44
0.0000144	0.44
0.00001442	0.46
0.00001444	0.46
0.00001446	0.46
0.00001448	0.46
0.0000145	0.46
0.00001452	0.46
0.00001454	0.46
0.00001456	0.46
0.00001458	0.46
0.0000146	0.46
0.00001462	0.46
0.00001464	0.46
0.00001466	0.48
0.00001468	0.48
0.0000147	0.48
0.00001472	0.48
0.00001474	0.48
0.00001476	0.48
0.00001478	0.48
0.0000148	0.48
0.00001482	0.48
0.00001484	0.48
0.00001486	0.48
0.00001488	0.48
0.0000149	0.48
0.00001492	0.48
0.00001494	0.48
0.00001496	0.46
0.00001498	0.46
0.000015	0.46
0.00001502	0.46
0.00001504	0.46
0.00001506	0.46
0.00001508	0.46
0.0000151	0.46
0.00001512	0.46
0.00001514	0.46
0.00001516	0.46
0.00001518	0.44
0.0000152	0.44
0.00001522	0.44
0.00001524	0.44
0.00001526	0.44
0.00001528	0.44
0.0000153	0.44
0.00001532	0.42
0.00001534	0.42
0.00001536	0.42
0.00001538	0.42
0.0000154	0.42
0.00001542	0.42
0.00001544	0.42
0.00001546	0.4
0.00001548	0.4
0.0000155	0.4
0.00001552	0.4
0.00001554	0.4
0.00001556	0.38
0.00001558	0.38
0.0000156	0.38
0.00001562	0.38
0.00001564	0.38
0.00001566	0.36
0.00001568	0.36
0.0000157	0.36
0.00001572	0.36
0.00001574	0.34
0.00001576	0.34
0.00001578	0.34
0.0000158	0.34
0.00001582	0.32
0.00001584	0.32
0.00001586	0.32
0.00001588	0.32
0.0000159	0.3
0.00001592	0.3
0.00001594	0.3
0.00001596	0.3
0.00001598	0.28
0.000016	0.28
0.00001602	0.28
0.00001604	0.28
0.00001606	0.26
0.00001608	0.26
0.0000161	0.26
0.00001612	0.24
0.00001614	0.24
0.00001616	0.24
0.00001618	0.24
0.0000162	0.22
0.00001622	0.22
0.00001624	0.22
0.00001626	0.2
0.00001628	0.2
0.0000163	0.2
0.00001632	0.18
0.00001634	0.18
0.00001636	0.18
0.00001638	0.16
0.0000164	0.16
0.00001642	0.16
0.00001644	0.16
0.00001646	0.14
0.00001648	0.14
0.0000165	0.14
0.00001652	0.14
0.00001654	0.12
0.00001656	0.12
0.00001658	0.1
0.0000166	0.1
0.00001662	0.1
0.00001664	0.08
0.00001666	0.08
0.00001668	0.08
0.0000167	0.08
0.00001672	0.06
0.00001674	0.06
0.00001676	0.06
0.00001678	0.04
0.0000168	0.04
0.00001682	0.04
0.00001684	0.02
0.00001686	0.02
0.00001688	0.02
0.0000169	0
0.00001692	0
0.00001694	0
0.00001696	-0.02
0.00001698	-0.02
0.000017	-0.02
0.00001702	-0.04
0.00001704	-0.02
0.00001706	-0.04
0.00001708	-0.04
0.0000171	-0.06
0.00001712	-0.06
0.00001714	-0.06
0.00001716	-0.06
0.00001718	-0.08
0.0000172	-0.08
0.00001722	-0.08
0.00001724	-0.08
0.00001726	-0.1
0.00001728	-0.1
0.0000173	-0.1
0.00001732	-0.1
0.00001734	-0.12
0.00001736	-0.12
0.00001738	-0.12
0.0000174	-0.12
0.00001742	-0.12
0.00001744	-0.14
0.00001746	-0.14
0.00001748	-0.14
0.0000175	-0.14
0.00001752	-0.14
0.00001754	-0.16
0.00001756	-0.16
0.00001758	-0.16
0.0000176	-0.16
0.00001762	-0.18
0.00001764	-0.18
0.00001766	-0.18
0.00001768	-0.18
0.0000177	-0.18
0.00001772	-0.2
0.00001774	-0.2
0.00001776	-0.2
0.00001778	-0.2
0.0000178	-0.22
0.00001782	-0.22
0.00001784	-0.22
0.00001786	-0.22
0.00001788	-0.22
0.0000179	-0.22
0.00001792	-0.22
0.00001794	-0.22
0.00001796	-0.22
0.00001798	-0.24
0.000018	-0.24
0.00001802	-0.24
0.00001804	-0.24
0.00001806	-0.26
0.00001808	-0.26
0.0000181	-0.26
0.00001812	-0.24
0.00001814	-0.26
0.00001816	-0.26
0.00001818	-0.26
0.0000182	-0.24
0.00001822	-0.26
0.00001824	-0.26
0.00001826	-0.26
0.00001828	-0.26
0.0000183	-0.26
0.00001832	-0.26
0.00001834	-0.26
0.00001836	-0.28
0.00001838	-0.28
0.0000184	-0.28
0.00001842	-0.28
0.00001844	-0.28
0.00001846	-0.28
0.00001848	-0.28
0.0000185	-0.28
0.00001852	-0.28
0.00001854	-0.28
0.00001856	-0.28
0.00001858	-0.28
0.0000186	-0.28
0.00001862	-0.28
0.00001864	-0.28
0.00001866	-0.28
0.00001868	-0.28
0.0000187	-0.28
0.00001872	-0.28
0.00001874	-0.28
0.00001876	-0.28
0.00001878	-0.28
0.0000188	-0.28
0.00001882	-0.26
0.00001884	-0.26
0.00001886	-0.26
0.00001888	-0.26
0.0000189	-0.26
0.00001892	-0.26
0.00001894	-0.26
0.00001896	-0.26
0.00001898	-0.26
0.000019	-0.26
0.00001902	-0.26
0.00001904	-0.26
0.00001906	-0.26
0.00001908	-0.26
0.0000191	-0.24
0.00001912	-0.24
0.00001914	-0.24
0.00001916	-0.24
0.00001918	-0.24
0.0000192	-0.24
0.00001922	-0.24
0.00001924	-0.24
0.00001926	-0.24
0.00001928	-0.24
0.0000193	-0.24
0.00001932	-0.22
0.00001934	-0.22
0.00001936	-0.22
0.00001938	-0.22
0.0000194	-0.22
0.00001942	-0.22
0.00001944	-0.22
0.00001946	-0.2
0.00001948	-0.2
0.0000195	-0.2
0.00001952	-0.2
0.00001954	-0.2
0.00001956	-0.2
0.00001958	-0.18
0.0000196	-0.18
0.00001962	-0.18
0.00001964	-0.18
0.00001966	-0.18
0.00001968	-0.18
0.0000197	-0.18
0.00001972	-0.16
0.00001974	-0.16
0.00001976	-0.16
0.00001978	-0.16
0.0000198	-0.14
0.00001982	-0.14
0.00001984	-0.14
0.00001986	-0.14
0.00001988	-0.14
0.0000199	-0.14
0.00001992	-0.12
0.00001994	-0.12
0.00001996	-0.12
0.00001998	-0.12
0.00002	-0.12
0.00002002	-0.1
0.00002004	-0.1
0.00002006	-0.1
0.00002008	-0.1
0.0000201	-0.08
0.00002012	-0.1
0.00002014	-0.08
0.00002016	-0.08
0.00002018	-0.08
0.0000202	-0.06
0.00002022	-0.06
0.00002024	-0.06
0.00002026	-0.06
0.00002028	-0.06
0.0000203	-0.06
0.00002032	-0.04
0.00002034	-0.04
0.00002036	-0.04
0.00002038	-0.04
0.0000204	-0.04
0.00002042	-0.04
0.00002044	-0.02
0.00002046	-0.02
0.00002048	-0.02
0.0000205	-0.02
0.00002052	0
0.00002054	0
0.00002056	0
0.00002058	0
0.0000206	0
0.00002062	0.02
0.00002064	0.02
0.00002066	0.02
0.00002068	0.02
0.0000207	0.04
0.00002072	0.04
0.00002074	0.04
0.00002076	0.04
0.00002078	0.04
0.0000208	0.06
0.00002082	0.06
0.00002084	0.06
0.00002086	0.06
0.00002088	0.06
0.0000209	0.06
0.00002092	0.08
0.00002094	0.08
0.00002096	0.08
0.00002098	0.08
0.000021	0.08
0.00002102	0.08
0.00002104	0.1
0.00002106	0.1
0.00002108	0.1
0.0000211	0.1
0.00002112	0.1
0.00002114	0.1
0.00002116	0.12
0.00002118	0.12
0.0000212	0.12
0.00002122	0.12
0.00002124	0.12
0.00002126	0.12
0.00002128	0.14
0.0000213	0.14
0.00002132	0.14
0.00002134	0.14
0.00002136	0.14
0.00002138	0.14
0.0000214	0.14
0.00002142	0.14
0.00002144	0.16
0.00002146	0.16
0.00002148	0.16
0.0000215	0.16
0.00002152	0.16
0.00002154	0.16
0.00002156	0.16
0.00002158	0.18
0.0000216	0.18
0.00002162	0.18
0.00002164	0.18
0.00002166	0.18
0.00002168	0.18
0.0000217	0.18
0.00002172	0.18
0.00002174	0.2
0.00002176	0.18
0.00002178	0.2
0.0000218	0.18
0.00002182	0.18
0.00002184	0.2
0.00002186	0.2
0.00002188	0.2
0.0000219	0.2
0.00002192	0.2
0.00002194	0.2
0.00002196	0.2
0.00002198	0.2
0.000022	0.2
0.00002202	0.22
0.00002204	0.2
0.00002206	0.2
0.00002208	0.2
0.0000221	0.2
0.00002212	0.22
0.00002214	0.22
0.00002216	0.22
0.00002218	0.2
0.0000222	0.2
0.00002222	0.22
0.00002224	0.22
0.00002226	0.22
0.00002228	0.22
0.0000223	0.22
0.00002232	0.22
0.00002234	0.22
0.00002236	0.22
0.00002238	0.22
0.0000224	0.22
0.00002242	0.22
0.00002244	0.22
0.00002246	0.22
0.00002248	0.22
0.0000225	0.22
0.00002252	0.22
0.00002254	0.22
0.00002256	0.22
0.00002258	0.22
0.0000226	0.22
0.00002262	0.22
0.00002264	0.22
0.00002266	0.2
0.00002268	0.22
0.0000227	0.2
0.00002272	0.2
0.00002274	0.2
0.00002276	0.2
0.00002278	0.2
0.0000228	0.22
0.00002282	0.2
0.00002284	0.2
0.00002286	0.2
0.00002288	0.2
0.0000229	0.2
0.00002292	0.2
0.00002294	0.2
0.00002296	0.2
0.00002298	0.2
0.000023	0.2
0.00002302	0.2
0.00002304	0.2
0.00002306	0.18
0.00002308	0.18
0.0000231	0.18
0.00002312	0.18
0.00002314	0.18
0.00002316	0.18
0.00002318	0.18
0.0000232	0.18
0.00002322	0.18
0.00002324	0.18
0.00002326	0.18
0.00002328	0.18
0.0000233	0.16
0.00002332	0.16
0.00002334	0.16
0.00002336	0.16
0.00002338	0.16
0.0000234	0.16
0.00002342	0.16
0.00002344	0.16
0.00002346	0.14
0.00002348	0.14
0.0000235	0.14
0.00002352	0.14
0.00002354	0.14
0.00002356	0.14
0.00002358	0.14
0.0000236	0.14
0.00002362	0.14
0.00002364	0.14
0.00002366	0.12
0.00002368	0.12
0.0000237	0.12
0.00002372	0.12
0.00002374	0.12
0.00002376	0.12
0.00002378	0.12
0.0000238	0.12
0.00002382	0.1
0.00002384	0.1
0.00002386	0.1
0.00002388	0.1
0.0000239	0.1
0.00002392	0.1
0.00002394	0.08
0.00002396	0.08
0.00002398	0.08
0.000024	0.08
0.00002402	0.08
0.00002404	0.08
0.00002406	0.08
0.00002408	0.08
0.0000241	0.06
0.00002412	0.06
0.00002414	0.06
0.00002416	0.06
0.00002418	0.06
0.0000242	0.06
0.00002422	0.04
0.00002424	0.06
0.00002426	0.04
0.00002428	0.04
0.0000243	0.04
0.00002432	0.04
0.00002434	0.04
0.00002436	0.04
0.00002438	0.04
0.0000244	0.02
0.00002442	0.02
0.00002444	0.02
0.00002446	0.02
0.00002448	0.02
0.0000245	0.02
0.00002452	0.02
0.00002454	0.02
0.00002456	0
0.00002458	0
0.0000246	0
0.00002462	0
0.00002464	0
0.00002466	0
0.00002468	0
0.0000247	-0.02
0.00002472	-0.02
0.00002474	-0.02
0.00002476	-0.02
0.00002478	-0.02
0.0000248	-0.02
0.00002482	-0.02
0.00002484	-0.02
0.00002486	-0.02
0.00002488	-0.04
0.0000249	-0.04
0.00002492	-0.04
0.00002494	-0.04
0.00002496	-0.04
0.00002498	-0.04
0.000025	-0.04
0.00002502	-0.04
0.00002504	-0.04
0.00002506	-0.04
0.00002508	-0.04
0.0000251	-0.06
0.00002512	-0.06
0.00002514	-0.06
0.00002516	-0.06
0.00002518	-0.06
0.0000252	-0.06
0.00002522	-0.06
0.00002524	-0.06
0.00002526	-0.06
0.00002528	-0.06
0.0000253	-0.06
0.00002532	-0.06
0.00002534	-0.08
0.00002536	-0.08
0.00002538	-0.08
0.0000254	-0.08
0.00002542	-0.08
0.00002544	-0.08
0.00002546	-0.08
0.00002548	-0.08
0.0000255	-0.08
0.00002552	-0.08
0.00002554	-0.08
0.00002556	-0.1
0.00002558	-0.1
0.0000256	-0.08
0.00002562	-0.1
0.00002564	-0.1
0.00002566	-0.1
0.00002568	-0.1
0.0000257	-0.1
0.00002572	-0.1
0.00002574	-0.1
0.00002576	-0.1
0.00002578	-0.1
0.0000258	-0.1
0.00002582	-0.1
0.00002584	-0.1
0.00002586	-0.1
0.00002588	-0.1
0.0000259	-0.1
0.00002592	-0.1
0.00002594	-0.1
0.00002596	-0.1
0.00002598	-0.1
0.000026	-0.1
0.00002602	-0.1
0.00002604	-0.1
0.00002606	-0.1
0.00002608	-0.1
0.0000261	-0.1
0.00002612	-0.12
0.00002614	-0.12
0.00002616	-0.12
0.00002618	-0.1
0.0000262	-0.1
0.00002622	-0.1
0.00002624	-0.1
0.00002626	-0.1
0.00002628	-0.1
0.0000263	-0.1
0.00002632	-0.1
0.00002634	-0.1
0.00002636	-0.1
0.00002638	-0.1
0.0000264	-0.1
0.00002642	-0.1
0.00002644	-0.1
0.00002646	-0.1
0.00002648	-0.1
0.0000265	-0.1
0.00002652	-0.1
0.00002654	-0.1
0.00002656	-0.1
0.00002658	-0.1
0.0000266	-0.1
0.00002662	-0.1
0.00002664	-0.1
0.00002666	-0.1
0.00002668	-0.1
0.0000267	-0.1
0.00002672	-0.1
0.00002674	-0.1
0.00002676	-0.1
0.00002678	-0.1
0.0000268	-0.08
0.00002682	-0.1
0.00002684	-0.08
0.00002686	-0.08
0.00002688	-0.08
0.0000269	-0.08
0.00002692	-0.08
0.00002694	-0.08
0.00002696	-0.08
0.00002698	-0.08
0.000027	-0.08
0.00002702	-0.08
0.00002704	-0.08
0.00002706	-0.08
0.00002708	-0.08
0.0000271	-0.08
0.00002712	-0.06
0.00002714	-0.08
0.00002716	-0.06
0.00002718	-0.06
0.0000272	-0.06
0.00002722	-0.06
0.00002724	-0.06
0.00002726	-0.06
0.00002728	-0.06
0.0000273	-0.06
0.00002732	-0.06
0.00002734	-0.06
0.00002736	-0.06
0.00002738	-0.06
0.0000274	-0.06
0.00002742	-0.04
0.00002744	-0.06
0.00002746	-0.04
0.00002748	-0.04
0.0000275	-0.04
0.00002752	-0.04
0.00002754	-0.04
0.00002756	-0.04
0.00002758	-0.04
0.0000276	-0.04
0.00002762	-0.04
0.00002764	-0.04
0.00002766	-0.04
0.00002768	-0.02
0.0000277	-0.04
0.00002772	-0.02
0.00002774	-0.04
0.00002776	-0.02
0.00002778	-0.02
0.0000278	-0.02
0.00002782	-0.02
0.00002784	-0.02
0.00002786	-0.02
0.00002788	-0.02
0.0000279	0
0.00002792	0
0.00002794	0
0.00002796	0
0.00002798	0
0.000028	0
0.00002802	0
0.00002804	0
0.00002806	0
0.00002808	0
0.0000281	0
0.00002812	0
0.00002814	0
0.00002816	0
0.00002818	0.02
0.0000282	0.02
0.00002822	0
0.00002824	0.02
0.00002826	0.02
0.00002828	0.02
0.0000283	0.02
0.00002832	0.02
0.00002834	0.02
0.00002836	0.02
0.00002838	0.02
0.0000284	0.04
0.00002842	0.02
0.00002844	0.04
0.00002846	0.04
0.00002848	0.04
0.0000285	0.04
0.00002852	0.04
0.00002854	0.04
0.00002856	0.04
0.00002858	0.06
0.0000286	0.04
0.00002862	0.06
0.00002864	0.06
0.00002866	0.04
0.00002868	0.06
0.0000287	0.06
0.00002872	0.06
0.00002874	0.06
0.00002876	0.06
0.00002878	0.06
0.0000288	0.06
0.00002882	0.06
0.00002884	0.06
0.00002886	0.08
0.00002888	0.06
0.0000289	0.06
0.00002892	0.08
0.00002894	0.08
0.00002896	0.08
0.00002898	0.08
0.000029	0.08
0.00002902	0.08
0.00002904	0.08
0.00002906	0.08
0.00002908	0.08
0.0000291	0.08
0.00002912	0.08
0.00002914	0.08
0.00002916	0.08
0.00002918	0.08
0.0000292	0.08
0.00002922	0.08
0.00002924	0.08
0.00002926	0.08
0.00002928	0.1
0.0000293	0.08
0.00002932	0.1
0.00002934	0.1
0.00002936	0.1
0.00002938	0.1
0.0000294	0.1
0.00002942	0.1
0.00002944	0.1
0.00002946	0.1
0.00002948	0.1
0.0000295	0.1
0.00002952	0.1
0.00002954	0.1
0.00002956	0.1
0.00002958	0.1
0.0000296	0.1
0.00002962	0.1
0.00002964	0.1
0.00002966	0.1
0.00002968	0.1
0.0000297	0.1
0.00002972	0.1
0.00002974	0.1
0.00002976	0.1
0.00002978	0.1
0.0000298	0.1
0.00002982	0.1
0.00002984	0.1
0.00002986	0.1
0.00002988	0.1
0.0000299	0.1
0.00002992	0.1
0.00002994	0.1
0.00002996	0.1
0.00002998	0.1
0.00003	0.1
0.00003002	0.1
0.00003004	0.1
0.00003006	0.1
0.00003008	0.1
0.0000301	0.1
0.00003012	0.1
0.00003014	0.1
0.00003016	0.1
0.00003018	0.1
0.0000302	0.1
0.00003022	0.1
0.00003024	0.1
0.00003026	0.1
0.00003028	0.1
0.0000303	0.1
0.00003032	0.1
0.00003034	0.1
0.00003036	0.1
0.00003038	0.1
0.0000304	0.1
0.00003042	0.1
0.00003044	0.1
0.00003046	0.1
0.00003048	0.1
0.0000305	0.1
0.00003052	0.1
0.00003054	0.1
0.00003056	0.1
0.00003058	0.1
0.0000306	0.1
0.00003062	0.1
0.00003064	0.1
0.00003066	0.1
0.00003068	0.1
0.0000307	0.1
0.00003072	0.1
0.00003074	0.1
0.00003076	0.08
0.00003078	0.1
0.0000308	0.08
0.00003082	0.1
0.00003084	0.08
0.00003086	0.08
0.00003088	0.08
0.0000309	0.08
0.00003092	0.08
0.00003094	0.08
0.00003096	0.08
0.00003098	0.08
0.000031	0.08
0.00003102	0.08
0.00003104	0.08
0.00003106	0.08
0.00003108	0.08
0.0000311	0.08
0.00003112	0.08
0.00003114	0.08
0.00003116	0.08
0.00003118	0.06
0.0000312	0.08
0.00003122	0.06
0.00003124	0.06
0.00003126	0.06
0.00003128	0.06
0.0000313	0.06
0.00003132	0.06
0.00003134	0.06
0.00003136	0.06
0.00003138	0.06
0.0000314	0.06
0.00003142	0.06
0.00003144	0.06
0.00003146	0.06
0.00003148	0.06
0.0000315	0.06
0.00003152	0.06
0.00003154	0.06
0.00003156	0.06
0.00003158	0.04
0.0000316	0.04
0.00003162	0.04
0.00003164	0.04
0.00003166	0.04
0.00003168	0.04
0.0000317	0.04
0.00003172	0.04
0.00003174	0.04
0.00003176	0.04
0.00003178	0.04
0.0000318	0.04
0.00003182	0.04
0.00003184	0.04
0.00003186	0.04
0.00003188	0.04
0.0000319	0.04
0.00003192	0.02
0.00003194	0.04
0.00003196	0.04
0.00003198	0.02
0.000032	0.02
0.00003202	0.02
0.00003204	0.02
0.00003206	0.02
0.00003208	0.02
0.0000321	0.02
0.00003212	0.02
0.00003214	0.02
0.00003216	0.02
0.00003218	0.02
0.0000322	0.02
0.00003222	0
0.00003224	0
0.00003226	0.02
0.00003228	0
0.0000323	0
0.00003232	0.02
0.00003234	0
0.00003236	0
0.00003238	0
0.0000324	0
0.00003242	0
0.00003244	0
0.00003246	0
0.00003248	0
0.0000325	0
0.00003252	0
0.00003254	0
0.00003256	0
0.00003258	0
0.0000326	0
0.00003262	0
0.00003264	0
0.00003266	0
0.00003268	0
0.0000327	0
0.00003272	-0.02
0.00003274	-0.02
0.00003276	0
0.00003278	-0.02
0.0000328	-0.02
0.00003282	-0.02
0.00003284	-0.02
0.00003286	-0.02
0.00003288	-0.02
0.0000329	-0.02
0.00003292	-0.02
0.00003294	-0.02
0.00003296	-0.02
0.00003298	-0.02
0.000033	-0.02
0.00003302	-0.02
0.00003304	-0.02
0.00003306	-0.02
0.00003308	-0.02
0.0000331	-0.02
0.00003312	-0.02
0.00003314	-0.02
0.00003316	-0.02
0.00003318	-0.02
0.0000332	-0.02
0.00003322	-0.02
0.00003324	-0.02
0.00003326	-0.02
0.00003328	-0.02
0.0000333	-0.04
0.00003332	-0.02
0.00003334	-0.04
0.00003336	-0.02
0.00003338	-0.02
0.0000334	-0.02
0.00003342	-0.02
0.00003344	-0.02
0.00003346	-0.04
0.00003348	-0.02
0.0000335	-0.02
0.00003352	-0.04
0.00003354	-0.04
0.00003356	-0.04
0.00003358	-0.04
0.0000336	-0.04
0.00003362	-0.04
0.00003364	-0.04
0.00003366	-0.04
0.00003368	-0.04
0.0000337	-0.04
0.00003372	-0.04
0.00003374	-0.02
0.00003376	-0.04
0.00003378	-0.04
0.0000338	-0.04
0.00003382	-0.04
0.00003384	-0.04
0.00003386	-0.04
0.00003388	-0.02
0.0000339	-0.04
0.00003392	-0.02
0.00003394	-0.04
0.00003396	-0.02
0.00003398	-0.02
0.000034	-0.02
0.00003402	-0.04
0.00003404	-0.04
0.00003406	-0.04
0.00003408	-0.04
0.0000341	-0.02
0.00003412	-0.04
0.00003414	-0.04
0.00003416	-0.04
0.00003418	-0.04
0.0000342	-0.04
0.00003422	-0.04
0.00003424	-0.04
0.00003426	-0.02
0.00003428	-0.04
0.0000343	-0.02
0.00003432	-0.02
0.00003434	-0.02
0.00003436	-0.02
0.00003438	-0.02
0.0000344	-0.02
0.00003442	-0.02
0.00003444	-0.02
0.00003446	-0.02
0.00003448	-0.02
0.0000345	-0.02
0.00003452	-0.02
0.00003454	-0.02
0.00003456	-0.02
0.00003458	-0.02
0.0000346	-0.02
0.00003462	-0.02
0.00003464	-0.02
0.00003466	-0.02
0.00003468	-0.02
0.0000347	-0.02
0.00003472	-0.02
0.00003474	-0.02
0.00003476	-0.02
0.00003478	-0.02
0.0000348	-0.02
0.00003482	-0.02
0.00003484	-0.02
0.00003486	-0.02
0.00003488	-0.02
0.0000349	-0.02
0.00003492	-0.02
0.00003494	0
0.00003496	-0.02
0.00003498	-0.02
0.000035	-0.02
0.00003502	0
0.00003504	-0.02
0.00003506	-0.02
0.00003508	0
0.0000351	0
0.00003512	0
0.00003514	0
0.00003516	0
0.00003518	0
0.0000352	0
0.00003522	0
0.00003524	0
0.00003526	0
0.00003528	0
0.0000353	0
0.00003532	0
0.00003534	0
0.00003536	0
0.00003538	0
0.0000354	0
0.00003542	0
0.00003544	0
0.00003546	0
0.00003548	0
0.0000355	0
0.00003552	0
0.00003554	0
0.00003556	0
0.00003558	0
0.0000356	0.02
0.00003562	0.02
0.00003564	0.02
0.00003566	0.02
0.00003568	0.02
0.0000357	0.02
0.00003572	0.02
0.00003574	0.02
0.00003576	0.02
0.00003578	0.02
0.0000358	0.02
0.00003582	0.02
0.00003584	0.02
0.00003586	0.02
0.00003588	0.02
0.0000359	0.02
0.00003592	0.02
0.00003594	0.02
0.00003596	0.02
0.00003598	0.02
0.000036	0.02
0.00003602	0.04
0.00003604	0.02
0.00003606	0.02
0.00003608	0.02
0.0000361	0.04
0.00003612	0.04
0.00003614	0.02
0.00003616	0.04
0.00003618	0.02
0.0000362	0.04
0.00003622	0.04
0.00003624	0.04
0.00003626	0.04
0.00003628	0.04
0.0000363	0.04
0.00003632	0.04
0.00003634	0.04
0.00003636	0.04
0.00003638	0.04
0.0000364	0.04
0.00003642	0.04
0.00003644	0.04
0.00003646	0.04
0.00003648	0.04
0.0000365	0.04
0.00003652	0.04
0.00003654	0.04
0.00003656	0.04
0.00003658	0.04
0.0000366	0.04
0.00003662	0.04
0.00003664	0.04
0.00003666	0.04
0.00003668	0.04
0.0000367	0.04
0.00003672	0.04
0.00003674	0.04
0.00003676	0.06
0.00003678	0.04
0.0000368	0.04
0.00003682	0.04
0.00003684	0.04
0.00003686	0.06
0.00003688	0.06
0.0000369	0.06
0.00003692	0.04
0.00003694	0.06
0.00003696	0.06
0.00003698	0.04
0.000037	0.06
0.00003702	0.06
0.00003704	0.06
0.00003706	0.06
0.00003708	0.06
0.0000371	0.04
0.00003712	0.04
0.00003714	0.06
0.00003716	0.06
0.00003718	0.06
0.0000372	0.06
0.00003722	0.06
0.00003724	0.06
0.00003726	0.06
0.00003728	0.06
0.0000373	0.06
0.00003732	0.06
0.00003734	0.06
0.00003736	0.06
0.00003738	0.06
0.0000374	0.06
0.00003742	0.06
0.00003744	0.06
0.00003746	0.06
0.00003748	0.06
0.0000375	0.06
0.00003752	0.06
0.00003754	0.06
0.00003756	0.06
0.00003758	0.06
0.0000376	0.06
0.00003762	0.06
0.00003764	0.06
0.00003766	0.06
0.00003768	0.06
0.0000377	0.06
0.00003772	0.06
0.00003774	0.06
0.00003776	0.06
0.00003778	0.06
0.0000378	0.06
0.00003782	0.06
0.00003784	0.06
0.00003786	0.06
0.00003788	0.06
0.0000379	0.06
0.00003792	0.06
0.00003794	0.06
0.00003796	0.06
0.00003798	0.06
0.000038	0.06
0.00003802	0.06
0.00003804	0.06
0.00003806	0.06
0.00003808	0.06
0.0000381	0.06
0.00003812	0.06
0.00003814	0.06
0.00003816	0.06
0.00003818	0.06
0.0000382	0.06
0.00003822	0.04
0.00003824	0.06
0.00003826	0.06
0.00003828	0.06
0.0000383	0.06
0.00003832	0.06
0.00003834	0.06
0.00003836	0.06
0.00003838	0.06
0.0000384	0.04
0.00003842	0.04
0.00003844	0.06
0.00003846	0.06
0.00003848	0.06
0.0000385	0.04
0.00003852	0.06
0.00003854	0.04
0.00003856	0.06
0.00003858	0.04
0.0000386	0.04
0.00003862	0.04
0.00003864	0.04
0.00003866	0.04
0.00003868	0.04
0.0000387	0.04
0.00003872	0.04
0.00003874	0.04
0.00003876	0.04
0.00003878	0.04
0.0000388	0.04
0.00003882	0.04
0.00003884	0.04
0.00003886	0.04
0.00003888	0.04
0.0000389	0.04
0.00003892	0.04
0.00003894	0.04
0.00003896	0.04
0.00003898	0.04
0.000039	0.04
0.00003902	0.04
0.00003904	0.04
0.00003906	0.04
0.00003908	0.04
0.0000391	0.04
0.00003912	0.04
0.00003914	0.02
0.00003916	0.04
0.00003918	0.04
0.0000392	0.02
0.00003922	0.04
0.00003924	0.04
0.00003926	0.02
0.00003928	0.02
0.0000393	0.02
0.00003932	0.04
0.00003934	0.02
0.00003936	0.04
0.00003938	0.02
0.0000394	0.02
0.00003942	0.02
0.00003944	0.02
0.00003946	0.02
0.00003948	0.02
0.0000395	0.02
0.00003952	0.02
0.00003954	0.02
0.00003956	0.02
0.00003958	0.02
0.0000396	0.02
0.00003962	0.02
0.00003964	0.02
0.00003966	0.02
0.00003968	0.02
0.0000397	0.02
0.00003972	0.02
0.00003974	0.02
0.00003976	0.02
0.00003978	0.02
0.0000398	0.02
0.00003982	0.02
0.00003984	0.02
0.00003986	0.02
0.00003988	0.02
0.0000399	0.02
0.00003992	0.02
0.00003994	0.02
0.00003996	0.02
0.00003998	0.02
0.00004	0.02
0.00004002	0.02
0.00004004	0.02
0.00004006	0.02
0.00004008	0
0.0000401	0
0.00004012	0
0.00004014	0.02
0.00004016	0.02
0.00004018	0
0.0000402	0
0.00004022	0
0.00004024	0
0.00004026	0
0.00004028	0
0.0000403	0
0.00004032	0.02
0.00004034	0
0.00004036	0
0.00004038	0
0.0000404	0
0.00004042	0
0.00004044	0
0.00004046	0
0.00004048	0
0.0000405	0
0.00004052	0
0.00004054	0
0.00004056	0
0.00004058	0
0.0000406	0
0.00004062	0
0.00004064	0
0.00004066	0
0.00004068	0
0.0000407	0
0.00004072	0
0.00004074	0
0.00004076	0
0.00004078	0
0.0000408	0
0.00004082	0
0.00004084	0
0.00004086	0
0.00004088	0
0.0000409	0
0.00004092	0
0.00004094	0
0.00004096	0
0.00004098	0
0.000041	0
0.00004102	0
0.00004104	0
0.00004106	0
0.00004108	0
0.0000411	0
0.00004112	0
0.00004114	0
0.00004116	0
0.00004118	0
0.0000412	0
0.00004122	0
0.00004124	0
0.00004126	0
0.00004128	0
0.0000413	0
0.00004132	0
0.00004134	0
0.00004136	0
0.00004138	0
0.0000414	0
0.00004142	0
0.00004144	0
0.00004146	0
0.00004148	0
0.0000415	0
0.00004152	0
0.00004154	0
0.00004156	0
0.00004158	0
0.0000416	0
0.00004162	0
0.00004164	0
0.00004166	0
0.00004168	0
0.0000417	0
0.00004172	0
0.00004174	0
0.00004176	0
0.00004178	0
0.0000418	0
0.00004182	0
0.00004184	0
0.00004186	0
0.00004188	0
0.0000419	0
0.00004192	0
0.00004194	0
0.00004196	0
0.00004198	0
0.000042	0
0.00004202	0
0.00004204	0
0.00004206	0
0.00004208	0
0.0000421	0
0.00004212	0
0.00004214	0
0.00004216	0
0.00004218	0
0.0000422	0
0.00004222	0
0.00004224	0
0.00004226	0
0.00004228	0
0.0000423	0
0.00004232	0
0.00004234	0
0.00004236	0
0.00004238	0
0.0000424	0
0.00004242	0
0.00004244	0
0.00004246	0
0.00004248	0
0.0000425	0.02
0.00004252	0
0.00004254	0
0.00004256	0
0.00004258	0
0.0000426	0
0.00004262	0
0.00004264	0.02
0.00004266	0
0.00004268	0
0.0000427	0
0.00004272	0
0.00004274	0
0.00004276	0.02
0.00004278	0.02
0.0000428	0.02
0.00004282	0.02
0.00004284	0.02
0.00004286	0
0.00004288	0.02
0.0000429	0.02
0.00004292	0.02
0.00004294	0.02
0.00004296	0.02
0.00004298	0.02
0.000043	0.02
0.00004302	0.02
0.00004304	0.02
0.00004306	0
0.00004308	0.02
0.0000431	0.02
0.00004312	0.02
0.00004314	0.02
0.00004316	0.02
0.00004318	0.02
0.0000432	0.02
0.00004322	0.02
0.00004324	0.02
0.00004326	0.02
0.00004328	0.02
0.0000433	0.02
0.00004332	0.02
0.00004334	0.02
0.00004336	0.02
0.00004338	0.02
0.0000434	0.02
0.00004342	0.02
0.00004344	0.02
0.00004346	0.02
0.00004348	0.02
0.0000435	0.02
0.00004352	0.02
0.00004354	0.02
0.00004356	0.02
0.00004358	0.02
0.0000436	0.02
0.00004362	0.02
0.00004364	0.02
0.00004366	0.02
0.00004368	0.02
0.0000437	0.02
0.00004372	0.02
0.00004374	0.02
0.00004376	0.02
0.00004378	0.02
0.0000438	0.02
0.00004382	0.02
0.00004384	0.02
0.00004386	0.02
0.00004388	0.04
0.0000439	0.02
0.00004392	0.02
0.00004394	0.02
0.00004396	0.02
0.00004398	0.02
0.000044	0.04
0.00004402	0.04
0.00004404	0.04
0.00004406	0.02
0.00004408	0.02
0.0000441	0.04
0.00004412	0.02
0.00004414	0.02
0.00004416	0.02
0.00004418	0.02
0.0000442	0.04
0.00004422	0.04
0.00004424	0.04
0.00004426	0.02
0.00004428	0.04
0.0000443	0.02
0.00004432	0.04
0.00004434	0.04
0.00004436	0.04
0.00004438	0.04
0.0000444	0.04
0.00004442	0.04
0.00004444	0.04
0.00004446	0.04
0.00004448	0.04
0.0000445	0.04
0.00004452	0.04
0.00004454	0.04
0.00004456	0.04
0.00004458	0.04
0.0000446	0.04
0.00004462	0.02
0.00004464	0.04
0.00004466	0.04
0.00004468	0.04
0.0000447	0.04
0.00004472	0.04
0.00004474	0.04
0.00004476	0.04
0.00004478	0.04
0.0000448	0.04
0.00004482	0.04
0.00004484	0.04
0.00004486	0.04
0.00004488	0.04
0.0000449	0.04
0.00004492	0.04
0.00004494	0.04
0.00004496	0.04
0.00004498	0.04
0.000045	0.04
0.00004502	0.04
0.00004504	0.04
0.00004506	0.04
0.00004508	0.04
0.0000451	0.04
0.00004512	0.04
0.00004514	0.04
0.00004516	0.04
0.00004518	0.04
0.0000452	0.04
0.00004522	0.04
0.00004524	0.04
0.00004526	0.04
0.00004528	0.04
0.0000453	0.04
0.00004532	0.04
0.00004534	0.04
0.00004536	0.04
0.00004538	0.04
0.0000454	0.04
0.00004542	0.04
0.00004544	0.04
0.00004546	0.04
0.00004548	0.04
0.0000455	0.04
0.00004552	0.04
0.00004554	0.04
0.00004556	0.04
0.00004558	0.04
0.0000456	0.04
0.00004562	0.04
0.00004564	0.04
0.00004566	0.04
0.00004568	0.04
0.0000457	0.04
0.00004572	0.04
0.00004574	0.04
0.00004576	0.04
0.00004578	0.04
0.0000458	0.04
0.00004582	0.04
0.00004584	0.04
0.00004586	0.04
0.00004588	0.04
0.0000459	0.04
0.00004592	0.04
0.00004594	0.04
0.00004596	0.04
0.00004598	0.04
0.000046	0.04
0.00004602	0.04
0.00004604	0.04
0.00004606	0.04
0.00004608	0.04
0.0000461	0.04
0.00004612	0.04
0.00004614	0.02
0.00004616	0.04
0.00004618	0.04
0.0000462	0.04
0.00004622	0.02
0.00004624	0.04
0.00004626	0.04
0.00004628	0.04
0.0000463	0.04
0.00004632	0.02
0.00004634	0.04
0.00004636	0.02
0.00004638	0.04
0.0000464	0.02
0.00004642	0.02
0.00004644	0.04
0.00004646	0.02
0.00004648	0.04
0.0000465	0.04
0.00004652	0.04
0.00004654	0.04
0.00004656	0.02
0.00004658	0.02
0.0000466	0.02
0.00004662	0.02
0.00004664	0.02
0.00004666	0.02
0.00004668	0.04
0.0000467	0.02
0.00004672	0.04
