0	2300000	44575.77818
20000	2300000	44575.77818
40000	2300000	44575.77818
60000	2280000	44266.46586
80000	2260000	43957.70695
100000	2260000	43957.70695
120000	2240000	43649.51317
140000	2220000	43341.89659
160000	2200000	43034.86958
180000	2180000	42728.44486
200000	2160000	42422.63547
220000	2140000	42117.45481
240000	2120000	41812.91666
260000	2100000	41509.03516
280000	2080000	41205.82483
300000	2060000	40903.3006
320000	2040000	40601.47781
340000	2020000	40300.37221
360000	2000000	40000
380000	1960000	39401.52281
400000	1940000	39103.45253
420000	1920000	38806.18507
440000	1900000	38509.73903
460000	1880000	38214.13351
480000	1860000	37919.38818
500000	1820000	37332.55952
520000	1800000	37040.51835
540000	1780000	36749.42176
560000	1740000	36170.15344
580000	1720000	35882.02893
600000	1700000	35594.94346
620000	1680000	35308.92239
640000	1640000	34740.17847
660000	1600000	34176.01498
680000	1580000	33895.72244
700000	1560000	33616.66254
720000	1520000	33062.36531
740000	1500000	32787.19262
760000	1460000	32240.96773
780000	1440000	31969.98592
800000	1400000	31432.46729
820000	1380000	31166.00712
840000	1340000	30637.88504
860000	1320000	30376.30656
880000	1280000	29858.33217
900000	1260000	29602.02696
920000	1220000	29095.01676
940000	1180000	28595.80389
960000	1160000	28349.25043
980000	1140000	28104.80386
1000000	1100000	27622.45463
1020000	1060000	27149.2173
1040000	1020000	26685.57663
1060000	1000000	26457.51311
1080000	960000	26009.22913
1100000	940000	25789.145
1120000	900000	25357.44467
1140000	860000	24937.52193
1160000	840000	24732.16529
1180000	800000	24331.05012
1200000	760000	23943.26628
1220000	720000	23569.47178
1240000	700000	23388.03113
1260000	660000	23036.49279
1280000	640000	22866.56948
1300000	600000	22538.85534
1320000	560000	22227.91038
1340000	540000	22078.94925
1360000	500000	21794.49472
1380000	460000	21528.58565
1400000	420000	21281.91721
1420000	400000	21166.01049
1440000	360000	20949.463
1460000	340000	20848.98079
1480000	300000	20663.97832
1500000	260000	20500.73169
1520000	240000	20427.43254
1540000	200000	20297.78313
1560000	160000	20191.08714
1580000	140000	20146.46371
1600000	100000	20074.8599
1620000	60000	20026.9818
1640000	40000	20011.9964
1660000	0	20000
1680000	-40000	20011.9964
1700000	-60000	20026.9818
1720000	-100000	20074.8599
1740000	-120000	20107.70996
1760000	-160000	20191.08714
1780000	-180000	20241.54144
1800000	-220000	20359.76424
1820000	-240000	20427.43254
1840000	-280000	20579.60155
1860000	-300000	20663.97832
1880000	-340000	20848.98079
1900000	-360000	20949.463
1920000	-400000	21166.01049
1940000	-420000	21281.91721
1960000	-460000	21528.58565
1980000	-480000	21659.17819
2000000	-520000	21934.44779
2020000	-540000	22078.94925
2040000	-560000	22227.91038
2060000	-600000	22538.85534
2080000	-620000	22700.66078
2100000	-660000	23036.49279
2120000	-680000	23210.34252
2140000	-700000	23388.03113
2160000	-740000	23754.57851
2180000	-760000	23943.26628
2200000	-780000	24135.4511
2220000	-820000	24529.98166
2240000	-840000	24732.16529
2260000	-860000	24937.52193
2280000	-880000	25145.97383
2300000	-900000	25357.44467
2320000	-920000	25571.85953
2340000	-960000	26009.22913
2360000	-980000	26232.04148
2380000	-1000000	26457.51311
2400000	-1020000	26685.57663
2420000	-1040000	26916.16615
2440000	-1060000	27149.2173
2460000	-1080000	27384.66724
2480000	-1100000	27622.45463
2500000	-1120000	27862.51963
2520000	-1140000	28104.80386
2540000	-1160000	28349.25043
2560000	-1180000	28595.80389
2580000	-1200000	28844.4102
2600000	-1220000	29095.01676
2620000	-1240000	29347.5723
2640000	-1260000	29602.02696
2660000	-1260000	29602.02696
2680000	-1280000	29858.33217
2700000	-1300000	30116.44069
2720000	-1320000	30376.30656
2740000	-1320000	30376.30656
2760000	-1340000	30637.88504
2780000	-1360000	30901.13267
2800000	-1360000	30901.13267
2820000	-1380000	31166.00712
2840000	-1400000	31432.46729
2860000	-1420000	31700.47318
2880000	-1420000	31700.47318
2900000	-1420000	31700.47318
2920000	-1440000	31969.98592
2940000	-1460000	32240.96773
2960000	-1460000	32240.96773
2980000	-1480000	32513.38186
3000000	-1480000	32513.38186
3020000	-1500000	32787.19262
3040000	-1500000	32787.19262
3060000	-1500000	32787.19262
3080000	-1520000	33062.36531
3100000	-1520000	33062.36531
3120000	-1520000	33062.36531
3140000	-1540000	33338.86621
3160000	-1540000	33338.86621
3180000	-1540000	33338.86621
3200000	-1540000	33338.86621
3220000	-1540000	33338.86621
3240000	-1560000	33616.66254
3260000	-1560000	33616.66254
3280000	-1560000	33616.66254
3300000	-1560000	33616.66254
3320000	-1560000	33616.66254
3340000	-1560000	33616.66254
3360000	-1560000	33616.66254
3380000	-1560000	33616.66254
3400000	-1560000	33616.66254
3420000	-1560000	33616.66254
3440000	-1560000	33616.66254
3460000	-1560000	33616.66254
3480000	-1560000	33616.66254
3500000	-1560000	33616.66254
3520000	-1560000	33616.66254
3540000	-1560000	33616.66254
3560000	-1540000	33338.86621
3580000	-1540000	33338.86621
3600000	-1540000	33338.86621
3620000	-1540000	33338.86621
3640000	-1520000	33062.36531
3660000	-1520000	33062.36531
3680000	-1520000	33062.36531
3700000	-1520000	33062.36531
3720000	-1500000	32787.19262
3740000	-1500000	32787.19262
3760000	-1500000	32787.19262
3780000	-1480000	32513.38186
3800000	-1480000	32513.38186
3820000	-1460000	32240.96773
3840000	-1460000	32240.96773
3860000	-1440000	31969.98592
3880000	-1440000	31969.98592
3900000	-1420000	31700.47318
3920000	-1420000	31700.47318
3940000	-1400000	31432.46729
3960000	-1400000	31432.46729
3980000	-1380000	31166.00712
4000000	-1380000	31166.00712
4020000	-1360000	30901.13267
4040000	-1360000	30901.13267
4060000	-1340000	30637.88504
4080000	-1320000	30376.30656
4100000	-1300000	30116.44069
4120000	-1300000	30116.44069
4140000	-1280000	29858.33217
4160000	-1260000	29602.02696
4180000	-1260000	29602.02696
4200000	-1240000	29347.5723
4220000	-1220000	29095.01676
4240000	-1220000	29095.01676
4260000	-1200000	28844.4102
4280000	-1180000	28595.80389
4300000	-1160000	28349.25043
4320000	-1140000	28104.80386
4340000	-1120000	27862.51963
4360000	-1120000	27862.51963
4380000	-1100000	27622.45463
4400000	-1080000	27384.66724
4420000	-1060000	27149.2173
4440000	-1040000	26916.16615
4460000	-1020000	26685.57663
4480000	-1000000	26457.51311
4500000	-980000	26232.04148
4520000	-960000	26009.22913
4540000	-940000	25789.145
4560000	-920000	25571.85953
4580000	-920000	25571.85953
4600000	-880000	25145.97383
4620000	-860000	24937.52193
4640000	-840000	24732.16529
4660000	-820000	24529.98166
4680000	-800000	24331.05012
4700000	-780000	24135.4511
4720000	-780000	24135.4511
4740000	-740000	23754.57851
4760000	-720000	23569.47178
4780000	-700000	23388.03113
4800000	-680000	23210.34252
4820000	-660000	23036.49279
4840000	-640000	22866.56948
4860000	-620000	22700.66078
4880000	-600000	22538.85534
4900000	-580000	22381.24215
4920000	-560000	22227.91038
4940000	-540000	22078.94925
4960000	-520000	21934.44779
4980000	-500000	21794.49472
5000000	-460000	21528.58565
5020000	-440000	21402.80355
5040000	-420000	21281.91721
5060000	-400000	21166.01049
5080000	-380000	21055.16564
5100000	-360000	20949.463
5120000	-340000	20848.98079
5140000	-320000	20753.79483
5160000	-300000	20663.97832
5180000	-260000	20500.73169
5200000	-240000	20427.43254
5220000	-220000	20359.76424
5240000	-200000	20297.78313
5260000	-180000	20241.54144
5280000	-160000	20191.08714
5300000	-140000	20146.46371
5320000	-120000	20107.70996
5340000	-100000	20074.8599
5360000	-80000	20047.94254
5380000	-60000	20026.9818
5400000	-40000	20011.9964
5420000	-20000	20002.99978
5440000	0	20000
5460000	20000	20002.99978
5480000	40000	20011.9964
5500000	60000	20026.9818
5520000	100000	20074.8599
5540000	120000	20107.70996
5560000	140000	20146.46371
5580000	160000	20191.08714
5600000	180000	20241.54144
5620000	200000	20297.78313
5640000	220000	20359.76424
5660000	240000	20427.43254
5680000	260000	20500.73169
5700000	280000	20579.60155
5720000	280000	20579.60155
5740000	320000	20753.79483
5760000	340000	20848.98079
5780000	360000	20949.463
5800000	380000	21055.16564
5820000	380000	21055.16564
5840000	400000	21166.01049
5860000	420000	21281.91721
5880000	440000	21402.80355
5900000	460000	21528.58565
5920000	480000	21659.17819
5940000	500000	21794.49472
5960000	520000	21934.44779
5980000	540000	22078.94925
6000000	540000	22078.94925
6020000	560000	22227.91038
6040000	580000	22381.24215
6060000	600000	22538.85534
6080000	620000	22700.66078
6100000	620000	22700.66078
6120000	640000	22866.56948
6140000	660000	23036.49279
6160000	680000	23210.34252
6180000	700000	23388.03113
6200000	700000	23388.03113
6220000	720000	23569.47178
6240000	720000	23569.47178
6260000	740000	23754.57851
6280000	760000	23943.26628
6300000	780000	24135.4511
6320000	800000	24331.05012
6340000	800000	24331.05012
6360000	800000	24331.05012
6380000	840000	24732.16529
6400000	840000	24732.16529
6420000	840000	24732.16529
6440000	860000	24937.52193
6460000	860000	24937.52193
6480000	880000	25145.97383
6500000	880000	25145.97383
6520000	900000	25357.44467
6540000	900000	25357.44467
6560000	920000	25571.85953
6580000	940000	25789.145
6600000	940000	25789.145
6620000	960000	26009.22913
6640000	960000	26009.22913
6660000	960000	26009.22913
6680000	980000	26232.04148
6700000	980000	26232.04148
6720000	980000	26232.04148
6740000	1000000	26457.51311
6760000	1000000	26457.51311
6780000	1000000	26457.51311
6800000	1020000	26685.57663
6820000	1020000	26685.57663
6840000	1020000	26685.57663
6860000	1020000	26685.57663
6880000	1040000	26916.16615
6900000	1040000	26916.16615
6920000	1040000	26916.16615
6940000	1040000	26916.16615
6960000	1040000	26916.16615
6980000	1060000	27149.2173
7000000	1060000	27149.2173
7020000	1060000	27149.2173
7040000	1060000	27149.2173
7060000	1060000	27149.2173
7080000	1060000	27149.2173
7100000	1060000	27149.2173
7120000	1060000	27149.2173
7140000	1060000	27149.2173
7160000	1060000	27149.2173
7180000	1060000	27149.2173
7200000	1060000	27149.2173
7220000	1080000	27384.66724
7240000	1060000	27149.2173
7260000	1060000	27149.2173
7280000	1060000	27149.2173
7300000	1060000	27149.2173
7320000	1060000	27149.2173
7340000	1060000	27149.2173
7360000	1060000	27149.2173
7380000	1060000	27149.2173
7400000	1060000	27149.2173
7420000	1040000	26916.16615
7440000	1040000	26916.16615
7460000	1040000	26916.16615
7480000	1040000	26916.16615
7500000	1040000	26916.16615
7520000	1040000	26916.16615
7540000	1020000	26685.57663
7560000	1020000	26685.57663
7580000	1020000	26685.57663
7600000	1000000	26457.51311
7620000	1000000	26457.51311
7640000	1000000	26457.51311
7660000	980000	26232.04148
7680000	980000	26232.04148
7700000	980000	26232.04148
7720000	960000	26009.22913
7740000	960000	26009.22913
7760000	960000	26009.22913
7780000	940000	25789.145
7800000	940000	25789.145
7820000	940000	25789.145
7840000	920000	25571.85953
7860000	920000	25571.85953
7880000	900000	25357.44467
7900000	900000	25357.44467
7920000	880000	25145.97383
7940000	880000	25145.97383
7960000	880000	25145.97383
7980000	860000	24937.52193
8000000	860000	24937.52193
8020000	840000	24732.16529
8040000	820000	24529.98166
8060000	820000	24529.98166
8080000	800000	24331.05012
8100000	800000	24331.05012
8120000	800000	24331.05012
8140000	780000	24135.4511
8160000	760000	23943.26628
8180000	760000	23943.26628
8200000	740000	23754.57851
8220000	740000	23754.57851
8240000	720000	23569.47178
8260000	720000	23569.47178
8280000	700000	23388.03113
8300000	680000	23210.34252
8320000	680000	23210.34252
8340000	660000	23036.49279
8360000	640000	22866.56948
8380000	640000	22866.56948
8400000	620000	22700.66078
8420000	600000	22538.85534
8440000	580000	22381.24215
8460000	580000	22381.24215
8480000	580000	22381.24215
8500000	560000	22227.91038
8520000	540000	22078.94925
8540000	520000	21934.44779
8560000	520000	21934.44779
8580000	500000	21794.49472
8600000	480000	21659.17819
8620000	460000	21528.58565
8640000	460000	21528.58565
8660000	440000	21402.80355
8680000	420000	21281.91721
8700000	420000	21281.91721
8720000	400000	21166.01049
8740000	380000	21055.16564
8760000	380000	21055.16564
8780000	360000	20949.463
8800000	340000	20848.98079
8820000	320000	20753.79483
8840000	320000	20753.79483
8860000	300000	20663.97832
8880000	280000	20579.60155
8900000	260000	20500.73169
8920000	260000	20500.73169
8940000	240000	20427.43254
8960000	220000	20359.76424
8980000	220000	20359.76424
9000000	200000	20297.78313
9020000	180000	20241.54144
9040000	160000	20191.08714
9060000	160000	20191.08714
9080000	140000	20146.46371
9100000	140000	20146.46371
9120000	120000	20107.70996
9140000	100000	20074.8599
9160000	80000	20047.94254
9180000	60000	20026.9818
9200000	60000	20026.9818
9220000	40000	20011.9964
9240000	20000	20002.99978
9260000	20000	20002.99978
9280000	0	20000
9300000	-20000	20002.99978
9320000	-20000	20002.99978
9340000	-40000	20011.9964
9360000	-60000	20026.9818
9380000	-60000	20026.9818
9400000	-80000	20047.94254
9420000	-100000	20074.8599
9440000	-100000	20074.8599
9460000	-120000	20107.70996
9480000	-140000	20146.46371
9500000	-140000	20146.46371
9520000	-160000	20191.08714
9540000	-160000	20191.08714
9560000	-180000	20241.54144
9580000	-200000	20297.78313
9600000	-200000	20297.78313
9620000	-220000	20359.76424
9640000	-240000	20427.43254
9660000	-240000	20427.43254
9680000	-240000	20427.43254
9700000	-260000	20500.73169
9720000	-280000	20579.60155
9740000	-300000	20663.97832
9760000	-300000	20663.97832
9780000	-320000	20753.79483
9800000	-320000	20753.79483
9820000	-340000	20848.98079
9840000	-340000	20848.98079
9860000	-360000	20949.463
9880000	-380000	21055.16564
9900000	-380000	21055.16564
9920000	-380000	21055.16564
9940000	-400000	21166.01049
9960000	-400000	21166.01049
9980000	-420000	21281.91721
10000000	-420000	21281.91721
10020000	-440000	21402.80355
10040000	-440000	21402.80355
10060000	-460000	21528.58565
10080000	-460000	21528.58565
10100000	-480000	21659.17819
10120000	-480000	21659.17819
10140000	-480000	21659.17819
10160000	-500000	21794.49472
10180000	-500000	21794.49472
10200000	-520000	21934.44779
10220000	-520000	21934.44779
10240000	-520000	21934.44779
10260000	-540000	22078.94925
10280000	-540000	22078.94925
10300000	-540000	22078.94925
10320000	-560000	22227.91038
10340000	-560000	22227.91038
10360000	-580000	22381.24215
10380000	-580000	22381.24215
10400000	-580000	22381.24215
10420000	-580000	22381.24215
10440000	-600000	22538.85534
10460000	-600000	22538.85534
10480000	-600000	22538.85534
10500000	-600000	22538.85534
10520000	-620000	22700.66078
10540000	-620000	22700.66078
10560000	-620000	22700.66078
10580000	-620000	22700.66078
10600000	-620000	22700.66078
10620000	-640000	22866.56948
10640000	-640000	22866.56948
10660000	-640000	22866.56948
10680000	-640000	22866.56948
10700000	-640000	22866.56948
10720000	-640000	22866.56948
10740000	-640000	22866.56948
10760000	-660000	23036.49279
10780000	-640000	22866.56948
10800000	-660000	23036.49279
10820000	-660000	23036.49279
10840000	-660000	23036.49279
10860000	-660000	23036.49279
10880000	-660000	23036.49279
10900000	-660000	23036.49279
10920000	-660000	23036.49279
10940000	-660000	23036.49279
10960000	-660000	23036.49279
10980000	-660000	23036.49279
11000000	-660000	23036.49279
11020000	-660000	23036.49279
11040000	-660000	23036.49279
11060000	-660000	23036.49279
11080000	-660000	23036.49279
11100000	-660000	23036.49279
11120000	-660000	23036.49279
11140000	-660000	23036.49279
11160000	-660000	23036.49279
11180000	-660000	23036.49279
11200000	-660000	23036.49279
11220000	-660000	23036.49279
11240000	-660000	23036.49279
11260000	-660000	23036.49279
11280000	-640000	22866.56948
11300000	-640000	22866.56948
11320000	-640000	22866.56948
11340000	-640000	22866.56948
11360000	-640000	22866.56948
11380000	-620000	22700.66078
11400000	-640000	22866.56948
11420000	-620000	22700.66078
11440000	-620000	22700.66078
11460000	-620000	22700.66078
11480000	-600000	22538.85534
11500000	-600000	22538.85534
11520000	-600000	22538.85534
11540000	-600000	22538.85534
11560000	-600000	22538.85534
11580000	-580000	22381.24215
11600000	-580000	22381.24215
11620000	-580000	22381.24215
11640000	-580000	22381.24215
11660000	-560000	22227.91038
11680000	-560000	22227.91038
11700000	-560000	22227.91038
11720000	-540000	22078.94925
11740000	-540000	22078.94925
11760000	-540000	22078.94925
11780000	-540000	22078.94925
11800000	-520000	21934.44779
11820000	-520000	21934.44779
11840000	-500000	21794.49472
11860000	-500000	21794.49472
11880000	-500000	21794.49472
11900000	-500000	21794.49472
11920000	-480000	21659.17819
11940000	-480000	21659.17819
11960000	-460000	21528.58565
11980000	-460000	21528.58565
12000000	-440000	21402.80355
12020000	-440000	21402.80355
12040000	-440000	21402.80355
12060000	-440000	21402.80355
12080000	-420000	21281.91721
12100000	-420000	21281.91721
12120000	-400000	21166.01049
12140000	-400000	21166.01049
12160000	-400000	21166.01049
12180000	-380000	21055.16564
12200000	-360000	20949.463
12220000	-360000	20949.463
12240000	-360000	20949.463
12260000	-340000	20848.98079
12280000	-340000	20848.98079
12300000	-340000	20848.98079
12320000	-320000	20753.79483
12340000	-320000	20753.79483
12360000	-300000	20663.97832
12380000	-300000	20663.97832
12400000	-280000	20579.60155
12420000	-280000	20579.60155
12440000	-260000	20500.73169
12460000	-260000	20500.73169
12480000	-240000	20427.43254
12500000	-240000	20427.43254
12520000	-220000	20359.76424
12540000	-220000	20359.76424
12560000	-200000	20297.78313
12580000	-200000	20297.78313
12600000	-200000	20297.78313
12620000	-180000	20241.54144
12640000	-180000	20241.54144
12660000	-160000	20191.08714
12680000	-160000	20191.08714
12700000	-140000	20146.46371
12720000	-140000	20146.46371
12740000	-120000	20107.70996
12760000	-120000	20107.70996
12780000	-100000	20074.8599
12800000	-100000	20074.8599
12820000	-80000	20047.94254
12840000	-80000	20047.94254
12860000	-60000	20026.9818
12880000	-60000	20026.9818
12900000	-60000	20026.9818
12920000	-40000	20011.9964
12940000	-20000	20002.99978
12960000	-20000	20002.99978
12980000	-20000	20002.99978
13000000	0	20000
13020000	0	20000
13040000	20000	20002.99978
13060000	20000	20002.99978
13080000	40000	20011.9964
13100000	40000	20011.9964
13120000	40000	20011.9964
13140000	60000	20026.9818
13160000	60000	20026.9818
13180000	80000	20047.94254
13200000	80000	20047.94254
13220000	100000	20074.8599
13240000	100000	20074.8599
13260000	120000	20107.70996
13280000	120000	20107.70996
13300000	120000	20107.70996
13320000	140000	20146.46371
13340000	140000	20146.46371
13360000	160000	20191.08714
13380000	160000	20191.08714
13400000	180000	20241.54144
13420000	180000	20241.54144
13440000	180000	20241.54144
13460000	200000	20297.78313
13480000	200000	20297.78313
13500000	220000	20359.76424
13520000	220000	20359.76424
13540000	220000	20359.76424
13560000	240000	20427.43254
13580000	240000	20427.43254
13600000	240000	20427.43254
13620000	260000	20500.73169
13640000	260000	20500.73169
13660000	280000	20579.60155
13680000	280000	20579.60155
13700000	280000	20579.60155
13720000	280000	20579.60155
13740000	300000	20663.97832
13760000	300000	20663.97832
13780000	300000	20663.97832
13800000	320000	20753.79483
13820000	320000	20753.79483
13840000	320000	20753.79483
13860000	340000	20848.98079
13880000	340000	20848.98079
13900000	340000	20848.98079
13920000	360000	20949.463
13940000	360000	20949.463
13960000	360000	20949.463
13980000	360000	20949.463
14000000	360000	20949.463
14020000	380000	21055.16564
14040000	380000	21055.16564
14060000	380000	21055.16564
14080000	380000	21055.16564
14100000	400000	21166.01049
14120000	400000	21166.01049
14140000	400000	21166.01049
14160000	400000	21166.01049
14180000	420000	21281.91721
14200000	420000	21281.91721
14220000	420000	21281.91721
14240000	420000	21281.91721
14260000	420000	21281.91721
14280000	420000	21281.91721
14300000	440000	21402.80355
14320000	440000	21402.80355
14340000	440000	21402.80355
14360000	440000	21402.80355
14380000	440000	21402.80355
14400000	440000	21402.80355
14420000	460000	21528.58565
14440000	460000	21528.58565
14460000	460000	21528.58565
14480000	460000	21528.58565
14500000	460000	21528.58565
14520000	460000	21528.58565
14540000	460000	21528.58565
14560000	460000	21528.58565
14580000	460000	21528.58565
14600000	460000	21528.58565
14620000	460000	21528.58565
14640000	460000	21528.58565
14660000	480000	21659.17819
14680000	480000	21659.17819
14700000	480000	21659.17819
14720000	480000	21659.17819
14740000	480000	21659.17819
14760000	480000	21659.17819
14780000	480000	21659.17819
14800000	480000	21659.17819
14820000	480000	21659.17819
14840000	480000	21659.17819
14860000	480000	21659.17819
14880000	480000	21659.17819
14900000	480000	21659.17819
14920000	480000	21659.17819
14940000	480000	21659.17819
14960000	460000	21528.58565
14980000	460000	21528.58565
15000000	460000	21528.58565
15020000	460000	21528.58565
15040000	460000	21528.58565
15060000	460000	21528.58565
15080000	460000	21528.58565
15100000	460000	21528.58565
15120000	460000	21528.58565
15140000	460000	21528.58565
15160000	460000	21528.58565
15180000	440000	21402.80355
15200000	440000	21402.80355
15220000	440000	21402.80355
15240000	440000	21402.80355
15260000	440000	21402.80355
15280000	440000	21402.80355
15300000	440000	21402.80355
15320000	420000	21281.91721
15340000	420000	21281.91721
15360000	420000	21281.91721
15380000	420000	21281.91721
15400000	420000	21281.91721
15420000	420000	21281.91721
15440000	420000	21281.91721
15460000	400000	21166.01049
15480000	400000	21166.01049
15500000	400000	21166.01049
15520000	400000	21166.01049
15540000	400000	21166.01049
15560000	380000	21055.16564
15580000	380000	21055.16564
15600000	380000	21055.16564
15620000	380000	21055.16564
15640000	380000	21055.16564
15660000	360000	20949.463
15680000	360000	20949.463
15700000	360000	20949.463
15720000	360000	20949.463
15740000	340000	20848.98079
15760000	340000	20848.98079
15780000	340000	20848.98079
15800000	340000	20848.98079
15820000	320000	20753.79483
15840000	320000	20753.79483
15860000	320000	20753.79483
15880000	320000	20753.79483
15900000	300000	20663.97832
15920000	300000	20663.97832
15940000	300000	20663.97832
15960000	300000	20663.97832
15980000	280000	20579.60155
16000000	280000	20579.60155
16020000	280000	20579.60155
16040000	280000	20579.60155
16060000	260000	20500.73169
16080000	260000	20500.73169
16100000	260000	20500.73169
16120000	240000	20427.43254
16140000	240000	20427.43254
16160000	240000	20427.43254
16180000	240000	20427.43254
16200000	220000	20359.76424
16220000	220000	20359.76424
16240000	220000	20359.76424
16260000	200000	20297.78313
16280000	200000	20297.78313
16300000	200000	20297.78313
16320000	180000	20241.54144
16340000	180000	20241.54144
16360000	180000	20241.54144
16380000	160000	20191.08714
16400000	160000	20191.08714
16420000	160000	20191.08714
16440000	160000	20191.08714
16460000	140000	20146.46371
16480000	140000	20146.46371
16500000	140000	20146.46371
16520000	140000	20146.46371
16540000	120000	20107.70996
16560000	120000	20107.70996
16580000	100000	20074.8599
16600000	100000	20074.8599
16620000	100000	20074.8599
16640000	80000	20047.94254
16660000	80000	20047.94254
16680000	80000	20047.94254
16700000	80000	20047.94254
16720000	60000	20026.9818
16740000	60000	20026.9818
16760000	60000	20026.9818
16780000	40000	20011.9964
16800000	40000	20011.9964
16820000	40000	20011.9964
16840000	20000	20002.99978
16860000	20000	20002.99978
16880000	20000	20002.99978
16900000	0	20000
16920000	0	20000
16940000	0	20000
16960000	-20000	20002.99978
16980000	-20000	20002.99978
17000000	-20000	20002.99978
17020000	-40000	20011.9964
17040000	-20000	20002.99978
17060000	-40000	20011.9964
17080000	-40000	20011.9964
17100000	-60000	20026.9818
17120000	-60000	20026.9818
17140000	-60000	20026.9818
17160000	-60000	20026.9818
17180000	-80000	20047.94254
17200000	-80000	20047.94254
17220000	-80000	20047.94254
17240000	-80000	20047.94254
17260000	-100000	20074.8599
17280000	-100000	20074.8599
17300000	-100000	20074.8599
17320000	-100000	20074.8599
17340000	-120000	20107.70996
17360000	-120000	20107.70996
17380000	-120000	20107.70996
17400000	-120000	20107.70996
17420000	-120000	20107.70996
17440000	-140000	20146.46371
17460000	-140000	20146.46371
17480000	-140000	20146.46371
17500000	-140000	20146.46371
17520000	-140000	20146.46371
17540000	-160000	20191.08714
17560000	-160000	20191.08714
17580000	-160000	20191.08714
17600000	-160000	20191.08714
17620000	-180000	20241.54144
17640000	-180000	20241.54144
17660000	-180000	20241.54144
17680000	-180000	20241.54144
17700000	-180000	20241.54144
17720000	-200000	20297.78313
17740000	-200000	20297.78313
17760000	-200000	20297.78313
17780000	-200000	20297.78313
17800000	-220000	20359.76424
17820000	-220000	20359.76424
17840000	-220000	20359.76424
17860000	-220000	20359.76424
17880000	-220000	20359.76424
17900000	-220000	20359.76424
17920000	-220000	20359.76424
17940000	-220000	20359.76424
17960000	-220000	20359.76424
17980000	-240000	20427.43254
18000000	-240000	20427.43254
18020000	-240000	20427.43254
18040000	-240000	20427.43254
18060000	-260000	20500.73169
18080000	-260000	20500.73169
18100000	-260000	20500.73169
18120000	-240000	20427.43254
18140000	-260000	20500.73169
18160000	-260000	20500.73169
18180000	-260000	20500.73169
18200000	-240000	20427.43254
18220000	-260000	20500.73169
18240000	-260000	20500.73169
18260000	-260000	20500.73169
18280000	-260000	20500.73169
18300000	-260000	20500.73169
18320000	-260000	20500.73169
18340000	-260000	20500.73169
18360000	-280000	20579.60155
18380000	-280000	20579.60155
18400000	-280000	20579.60155
18420000	-280000	20579.60155
18440000	-280000	20579.60155
18460000	-280000	20579.60155
18480000	-280000	20579.60155
18500000	-280000	20579.60155
18520000	-280000	20579.60155
18540000	-280000	20579.60155
18560000	-280000	20579.60155
18580000	-280000	20579.60155
18600000	-280000	20579.60155
18620000	-280000	20579.60155
18640000	-280000	20579.60155
18660000	-280000	20579.60155
18680000	-280000	20579.60155
18700000	-280000	20579.60155
18720000	-280000	20579.60155
18740000	-280000	20579.60155
18760000	-280000	20579.60155
18780000	-280000	20579.60155
18800000	-280000	20579.60155
18820000	-260000	20500.73169
18840000	-260000	20500.73169
18860000	-260000	20500.73169
18880000	-260000	20500.73169
18900000	-260000	20500.73169
18920000	-260000	20500.73169
18940000	-260000	20500.73169
18960000	-260000	20500.73169
18980000	-260000	20500.73169
19000000	-260000	20500.73169
19020000	-260000	20500.73169
19040000	-260000	20500.73169
19060000	-260000	20500.73169
19080000	-260000	20500.73169
19100000	-240000	20427.43254
19120000	-240000	20427.43254
19140000	-240000	20427.43254
19160000	-240000	20427.43254
19180000	-240000	20427.43254
19200000	-240000	20427.43254
19220000	-240000	20427.43254
19240000	-240000	20427.43254
19260000	-240000	20427.43254
19280000	-240000	20427.43254
19300000	-240000	20427.43254
19320000	-220000	20359.76424
19340000	-220000	20359.76424
19360000	-220000	20359.76424
19380000	-220000	20359.76424
19400000	-220000	20359.76424
19420000	-220000	20359.76424
19440000	-220000	20359.76424
19460000	-200000	20297.78313
19480000	-200000	20297.78313
19500000	-200000	20297.78313
19520000	-200000	20297.78313
19540000	-200000	20297.78313
19560000	-200000	20297.78313
19580000	-180000	20241.54144
19600000	-180000	20241.54144
19620000	-180000	20241.54144
19640000	-180000	20241.54144
19660000	-180000	20241.54144
19680000	-180000	20241.54144
19700000	-180000	20241.54144
19720000	-160000	20191.08714
19740000	-160000	20191.08714
19760000	-160000	20191.08714
19780000	-160000	20191.08714
19800000	-140000	20146.46371
19820000	-140000	20146.46371
19840000	-140000	20146.46371
19860000	-140000	20146.46371
19880000	-140000	20146.46371
19900000	-140000	20146.46371
19920000	-120000	20107.70996
19940000	-120000	20107.70996
19960000	-120000	20107.70996
19980000	-120000	20107.70996
20000000	-120000	20107.70996
20020000	-100000	20074.8599
20040000	-100000	20074.8599
20060000	-100000	20074.8599
20080000	-100000	20074.8599
20100000	-80000	20047.94254
20120000	-100000	20074.8599
20140000	-80000	20047.94254
20160000	-80000	20047.94254
20180000	-80000	20047.94254
20200000	-60000	20026.9818
20220000	-60000	20026.9818
20240000	-60000	20026.9818
20260000	-60000	20026.9818
20280000	-60000	20026.9818
20300000	-60000	20026.9818
20320000	-40000	20011.9964
20340000	-40000	20011.9964
20360000	-40000	20011.9964
20380000	-40000	20011.9964
20400000	-40000	20011.9964
20420000	-40000	20011.9964
20440000	-20000	20002.99978
20460000	-20000	20002.99978
20480000	-20000	20002.99978
20500000	-20000	20002.99978
20520000	0	20000
20540000	0	20000
20560000	0	20000
20580000	0	20000
20600000	0	20000
20620000	20000	20002.99978
20640000	20000	20002.99978
20660000	20000	20002.99978
20680000	20000	20002.99978
20700000	40000	20011.9964
20720000	40000	20011.9964
20740000	40000	20011.9964
20760000	40000	20011.9964
20780000	40000	20011.9964
20800000	60000	20026.9818
20820000	60000	20026.9818
20840000	60000	20026.9818
20860000	60000	20026.9818
20880000	60000	20026.9818
20900000	60000	20026.9818
20920000	80000	20047.94254
20940000	80000	20047.94254
20960000	80000	20047.94254
20980000	80000	20047.94254
21000000	80000	20047.94254
21020000	80000	20047.94254
21040000	100000	20074.8599
21060000	100000	20074.8599
21080000	100000	20074.8599
21100000	100000	20074.8599
21120000	100000	20074.8599
21140000	100000	20074.8599
21160000	120000	20107.70996
21180000	120000	20107.70996
21200000	120000	20107.70996
21220000	120000	20107.70996
21240000	120000	20107.70996
21260000	120000	20107.70996
21280000	140000	20146.46371
21300000	140000	20146.46371
21320000	140000	20146.46371
21340000	140000	20146.46371
21360000	140000	20146.46371
21380000	140000	20146.46371
21400000	140000	20146.46371
21420000	140000	20146.46371
21440000	160000	20191.08714
21460000	160000	20191.08714
21480000	160000	20191.08714
21500000	160000	20191.08714
21520000	160000	20191.08714
21540000	160000	20191.08714
21560000	160000	20191.08714
21580000	180000	20241.54144
21600000	180000	20241.54144
21620000	180000	20241.54144
21640000	180000	20241.54144
21660000	180000	20241.54144
21680000	180000	20241.54144
21700000	180000	20241.54144
21720000	180000	20241.54144
21740000	200000	20297.78313
21760000	180000	20241.54144
21780000	200000	20297.78313
21800000	180000	20241.54144
21820000	180000	20241.54144
21840000	200000	20297.78313
21860000	200000	20297.78313
21880000	200000	20297.78313
21900000	200000	20297.78313
21920000	200000	20297.78313
21940000	200000	20297.78313
21960000	200000	20297.78313
21980000	200000	20297.78313
22000000	200000	20297.78313
22020000	220000	20359.76424
22040000	200000	20297.78313
22060000	200000	20297.78313
22080000	200000	20297.78313
22100000	200000	20297.78313
22120000	220000	20359.76424
22140000	220000	20359.76424
22160000	220000	20359.76424
22180000	200000	20297.78313
22200000	200000	20297.78313
22220000	220000	20359.76424
22240000	220000	20359.76424
22260000	220000	20359.76424
22280000	220000	20359.76424
22300000	220000	20359.76424
22320000	220000	20359.76424
22340000	220000	20359.76424
22360000	220000	20359.76424
22380000	220000	20359.76424
22400000	220000	20359.76424
22420000	220000	20359.76424
22440000	220000	20359.76424
22460000	220000	20359.76424
22480000	220000	20359.76424
22500000	220000	20359.76424
22520000	220000	20359.76424
22540000	220000	20359.76424
22560000	220000	20359.76424
22580000	220000	20359.76424
22600000	220000	20359.76424
22620000	220000	20359.76424
22640000	220000	20359.76424
22660000	200000	20297.78313
22680000	220000	20359.76424
22700000	200000	20297.78313
22720000	200000	20297.78313
22740000	200000	20297.78313
22760000	200000	20297.78313
22780000	200000	20297.78313
22800000	220000	20359.76424
22820000	200000	20297.78313
22840000	200000	20297.78313
22860000	200000	20297.78313
22880000	200000	20297.78313
22900000	200000	20297.78313
22920000	200000	20297.78313
22940000	200000	20297.78313
22960000	200000	20297.78313
22980000	200000	20297.78313
23000000	200000	20297.78313
23020000	200000	20297.78313
23040000	200000	20297.78313
23060000	180000	20241.54144
23080000	180000	20241.54144
23100000	180000	20241.54144
23120000	180000	20241.54144
23140000	180000	20241.54144
23160000	180000	20241.54144
23180000	180000	20241.54144
23200000	180000	20241.54144
23220000	180000	20241.54144
23240000	180000	20241.54144
23260000	180000	20241.54144
23280000	180000	20241.54144
23300000	160000	20191.08714
23320000	160000	20191.08714
23340000	160000	20191.08714
23360000	160000	20191.08714
23380000	160000	20191.08714
23400000	160000	20191.08714
23420000	160000	20191.08714
23440000	160000	20191.08714
23460000	140000	20146.46371
23480000	140000	20146.46371
23500000	140000	20146.46371
23520000	140000	20146.46371
23540000	140000	20146.46371
23560000	140000	20146.46371
23580000	140000	20146.46371
23600000	140000	20146.46371
23620000	140000	20146.46371
23640000	140000	20146.46371
23660000	120000	20107.70996
23680000	120000	20107.70996
23700000	120000	20107.70996
23720000	120000	20107.70996
23740000	120000	20107.70996
23760000	120000	20107.70996
23780000	120000	20107.70996
23800000	120000	20107.70996
23820000	100000	20074.8599
23840000	100000	20074.8599
23860000	100000	20074.8599
23880000	100000	20074.8599
23900000	100000	20074.8599
23920000	100000	20074.8599
23940000	80000	20047.94254
23960000	80000	20047.94254
23980000	80000	20047.94254
24000000	80000	20047.94254
24020000	80000	20047.94254
24040000	80000	20047.94254
24060000	80000	20047.94254
24080000	80000	20047.94254
24100000	60000	20026.9818
24120000	60000	20026.9818
24140000	60000	20026.9818
24160000	60000	20026.9818
24180000	60000	20026.9818
24200000	60000	20026.9818
24220000	40000	20011.9964
24240000	60000	20026.9818
24260000	40000	20011.9964
24280000	40000	20011.9964
24300000	40000	20011.9964
24320000	40000	20011.9964
24340000	40000	20011.9964
24360000	40000	20011.9964
24380000	40000	20011.9964
24400000	20000	20002.99978
24420000	20000	20002.99978
24440000	20000	20002.99978
24460000	20000	20002.99978
24480000	20000	20002.99978
24500000	20000	20002.99978
24520000	20000	20002.99978
24540000	20000	20002.99978
24560000	0	20000
24580000	0	20000
24600000	0	20000
24620000	0	20000
24640000	0	20000
24660000	0	20000
24680000	0	20000
24700000	-20000	20002.99978
24720000	-20000	20002.99978
24740000	-20000	20002.99978
24760000	-20000	20002.99978
24780000	-20000	20002.99978
24800000	-20000	20002.99978
24820000	-20000	20002.99978
24840000	-20000	20002.99978
24860000	-20000	20002.99978
24880000	-40000	20011.9964
24900000	-40000	20011.9964
24920000	-40000	20011.9964
24940000	-40000	20011.9964
24960000	-40000	20011.9964
24980000	-40000	20011.9964
25000000	-40000	20011.9964
25020000	-40000	20011.9964
25040000	-40000	20011.9964
25060000	-40000	20011.9964
25080000	-40000	20011.9964
25100000	-60000	20026.9818
25120000	-60000	20026.9818
25140000	-60000	20026.9818
25160000	-60000	20026.9818
25180000	-60000	20026.9818
25200000	-60000	20026.9818
25220000	-60000	20026.9818
25240000	-60000	20026.9818
25260000	-60000	20026.9818
25280000	-60000	20026.9818
25300000	-60000	20026.9818
25320000	-60000	20026.9818
25340000	-80000	20047.94254
25360000	-80000	20047.94254
25380000	-80000	20047.94254
25400000	-80000	20047.94254
25420000	-80000	20047.94254
25440000	-80000	20047.94254
25460000	-80000	20047.94254
25480000	-80000	20047.94254
25500000	-80000	20047.94254
25520000	-80000	20047.94254
25540000	-80000	20047.94254
25560000	-100000	20074.8599
25580000	-100000	20074.8599
25600000	-80000	20047.94254
25620000	-100000	20074.8599
25640000	-100000	20074.8599
25660000	-100000	20074.8599
25680000	-100000	20074.8599
25700000	-100000	20074.8599
25720000	-100000	20074.8599
25740000	-100000	20074.8599
25760000	-100000	20074.8599
25780000	-100000	20074.8599
25800000	-100000	20074.8599
25820000	-100000	20074.8599
25840000	-100000	20074.8599
25860000	-100000	20074.8599
25880000	-100000	20074.8599
25900000	-100000	20074.8599
25920000	-100000	20074.8599
25940000	-100000	20074.8599
25960000	-100000	20074.8599
25980000	-100000	20074.8599
26000000	-100000	20074.8599
26020000	-100000	20074.8599
26040000	-100000	20074.8599
26060000	-100000	20074.8599
26080000	-100000	20074.8599
26100000	-100000	20074.8599
26120000	-120000	20107.70996
26140000	-120000	20107.70996
26160000	-120000	20107.70996
26180000	-100000	20074.8599
26200000	-100000	20074.8599
26220000	-100000	20074.8599
26240000	-100000	20074.8599
26260000	-100000	20074.8599
26280000	-100000	20074.8599
26300000	-100000	20074.8599
26320000	-100000	20074.8599
26340000	-100000	20074.8599
26360000	-100000	20074.8599
26380000	-100000	20074.8599
26400000	-100000	20074.8599
26420000	-100000	20074.8599
26440000	-100000	20074.8599
26460000	-100000	20074.8599
26480000	-100000	20074.8599
26500000	-100000	20074.8599
26520000	-100000	20074.8599
26540000	-100000	20074.8599
26560000	-100000	20074.8599
26580000	-100000	20074.8599
26600000	-100000	20074.8599
26620000	-100000	20074.8599
26640000	-100000	20074.8599
26660000	-100000	20074.8599
26680000	-100000	20074.8599
26700000	-100000	20074.8599
26720000	-100000	20074.8599
26740000	-100000	20074.8599
26760000	-100000	20074.8599
26780000	-100000	20074.8599
26800000	-80000	20047.94254
26820000	-100000	20074.8599
26840000	-80000	20047.94254
26860000	-80000	20047.94254
26880000	-80000	20047.94254
26900000	-80000	20047.94254
26920000	-80000	20047.94254
26940000	-80000	20047.94254
26960000	-80000	20047.94254
26980000	-80000	20047.94254
27000000	-80000	20047.94254
27020000	-80000	20047.94254
27040000	-80000	20047.94254
27060000	-80000	20047.94254
27080000	-80000	20047.94254
27100000	-80000	20047.94254
27120000	-60000	20026.9818
27140000	-80000	20047.94254
27160000	-60000	20026.9818
27180000	-60000	20026.9818
27200000	-60000	20026.9818
27220000	-60000	20026.9818
27240000	-60000	20026.9818
27260000	-60000	20026.9818
27280000	-60000	20026.9818
27300000	-60000	20026.9818
27320000	-60000	20026.9818
27340000	-60000	20026.9818
27360000	-60000	20026.9818
27380000	-60000	20026.9818
27400000	-60000	20026.9818
27420000	-40000	20011.9964
27440000	-60000	20026.9818
27460000	-40000	20011.9964
27480000	-40000	20011.9964
27500000	-40000	20011.9964
27520000	-40000	20011.9964
27540000	-40000	20011.9964
27560000	-40000	20011.9964
27580000	-40000	20011.9964
27600000	-40000	20011.9964
27620000	-40000	20011.9964
27640000	-40000	20011.9964
27660000	-40000	20011.9964
27680000	-20000	20002.99978
27700000	-40000	20011.9964
27720000	-20000	20002.99978
27740000	-40000	20011.9964
27760000	-20000	20002.99978
27780000	-20000	20002.99978
27800000	-20000	20002.99978
27820000	-20000	20002.99978
27840000	-20000	20002.99978
27860000	-20000	20002.99978
27880000	-20000	20002.99978
27900000	0	20000
27920000	0	20000
27940000	0	20000
27960000	0	20000
27980000	0	20000
28000000	0	20000
28020000	0	20000
28040000	0	20000
28060000	0	20000
28080000	0	20000
28100000	0	20000
28120000	0	20000
28140000	0	20000
28160000	0	20000
28180000	20000	20002.99978
28200000	20000	20002.99978
28220000	0	20000
28240000	20000	20002.99978
28260000	20000	20002.99978
28280000	20000	20002.99978
28300000	20000	20002.99978
28320000	20000	20002.99978
28340000	20000	20002.99978
28360000	20000	20002.99978
28380000	20000	20002.99978
28400000	40000	20011.9964
28420000	20000	20002.99978
28440000	40000	20011.9964
28460000	40000	20011.9964
28480000	40000	20011.9964
28500000	40000	20011.9964
28520000	40000	20011.9964
28540000	40000	20011.9964
28560000	40000	20011.9964
28580000	60000	20026.9818
28600000	40000	20011.9964
28620000	60000	20026.9818
28640000	60000	20026.9818
28660000	40000	20011.9964
28680000	60000	20026.9818
28700000	60000	20026.9818
28720000	60000	20026.9818
28740000	60000	20026.9818
28760000	60000	20026.9818
28780000	60000	20026.9818
28800000	60000	20026.9818
28820000	60000	20026.9818
28840000	60000	20026.9818
28860000	80000	20047.94254
28880000	60000	20026.9818
28900000	60000	20026.9818
28920000	80000	20047.94254
28940000	80000	20047.94254
28960000	80000	20047.94254
28980000	80000	20047.94254
29000000	80000	20047.94254
29020000	80000	20047.94254
29040000	80000	20047.94254
29060000	80000	20047.94254
29080000	80000	20047.94254
29100000	80000	20047.94254
29120000	80000	20047.94254
29140000	80000	20047.94254
29160000	80000	20047.94254
29180000	80000	20047.94254
29200000	80000	20047.94254
29220000	80000	20047.94254
29240000	80000	20047.94254
29260000	80000	20047.94254
29280000	100000	20074.8599
29300000	80000	20047.94254
29320000	100000	20074.8599
29340000	100000	20074.8599
29360000	100000	20074.8599
29380000	100000	20074.8599
29400000	100000	20074.8599
29420000	100000	20074.8599
29440000	100000	20074.8599
29460000	100000	20074.8599
29480000	100000	20074.8599
29500000	100000	20074.8599
29520000	100000	20074.8599
29540000	100000	20074.8599
29560000	100000	20074.8599
29580000	100000	20074.8599
29600000	100000	20074.8599
29620000	100000	20074.8599
29640000	100000	20074.8599
29660000	100000	20074.8599
29680000	100000	20074.8599
29700000	100000	20074.8599
29720000	100000	20074.8599
29740000	100000	20074.8599
29760000	100000	20074.8599
29780000	100000	20074.8599
29800000	100000	20074.8599
29820000	100000	20074.8599
29840000	100000	20074.8599
29860000	100000	20074.8599
29880000	100000	20074.8599
29900000	100000	20074.8599
29920000	100000	20074.8599
29940000	100000	20074.8599
29960000	100000	20074.8599
29980000	100000	20074.8599
30000000	100000	20074.8599
30020000	100000	20074.8599
30040000	100000	20074.8599
30060000	100000	20074.8599
30080000	100000	20074.8599
30100000	100000	20074.8599
30120000	100000	20074.8599
30140000	100000	20074.8599
30160000	100000	20074.8599
30180000	100000	20074.8599
30200000	100000	20074.8599
30220000	100000	20074.8599
30240000	100000	20074.8599
30260000	100000	20074.8599
30280000	100000	20074.8599
30300000	100000	20074.8599
30320000	100000	20074.8599
30340000	100000	20074.8599
30360000	100000	20074.8599
30380000	100000	20074.8599
30400000	100000	20074.8599
30420000	100000	20074.8599
30440000	100000	20074.8599
30460000	100000	20074.8599
30480000	100000	20074.8599
30500000	100000	20074.8599
30520000	100000	20074.8599
30540000	100000	20074.8599
30560000	100000	20074.8599
30580000	100000	20074.8599
30600000	100000	20074.8599
30620000	100000	20074.8599
30640000	100000	20074.8599
30660000	100000	20074.8599
30680000	100000	20074.8599
30700000	100000	20074.8599
30720000	100000	20074.8599
30740000	100000	20074.8599
30760000	80000	20047.94254
30780000	100000	20074.8599
30800000	80000	20047.94254
30820000	100000	20074.8599
30840000	80000	20047.94254
30860000	80000	20047.94254
30880000	80000	20047.94254
30900000	80000	20047.94254
30920000	80000	20047.94254
30940000	80000	20047.94254
30960000	80000	20047.94254
30980000	80000	20047.94254
31000000	80000	20047.94254
31020000	80000	20047.94254
31040000	80000	20047.94254
31060000	80000	20047.94254
31080000	80000	20047.94254
31100000	80000	20047.94254
31120000	80000	20047.94254
31140000	80000	20047.94254
31160000	80000	20047.94254
31180000	60000	20026.9818
31200000	80000	20047.94254
31220000	60000	20026.9818
31240000	60000	20026.9818
31260000	60000	20026.9818
31280000	60000	20026.9818
31300000	60000	20026.9818
31320000	60000	20026.9818
31340000	60000	20026.9818
31360000	60000	20026.9818
31380000	60000	20026.9818
31400000	60000	20026.9818
31420000	60000	20026.9818
31440000	60000	20026.9818
31460000	60000	20026.9818
31480000	60000	20026.9818
31500000	60000	20026.9818
31520000	60000	20026.9818
31540000	60000	20026.9818
31560000	60000	20026.9818
31580000	40000	20011.9964
31600000	40000	20011.9964
31620000	40000	20011.9964
31640000	40000	20011.9964
31660000	40000	20011.9964
31680000	40000	20011.9964
31700000	40000	20011.9964
31720000	40000	20011.9964
31740000	40000	20011.9964
31760000	40000	20011.9964
31780000	40000	20011.9964
31800000	40000	20011.9964
31820000	40000	20011.9964
31840000	40000	20011.9964
31860000	40000	20011.9964
31880000	40000	20011.9964
31900000	40000	20011.9964
31920000	20000	20002.99978
31940000	40000	20011.9964
31960000	40000	20011.9964
31980000	20000	20002.99978
32000000	20000	20002.99978
32020000	20000	20002.99978
32040000	20000	20002.99978
32060000	20000	20002.99978
32080000	20000	20002.99978
32100000	20000	20002.99978
32120000	20000	20002.99978
32140000	20000	20002.99978
32160000	20000	20002.99978
32180000	20000	20002.99978
32200000	20000	20002.99978
32220000	0	20000
32240000	0	20000
32260000	20000	20002.99978
32280000	0	20000
32300000	0	20000
32320000	20000	20002.99978
32340000	0	20000
32360000	0	20000
32380000	0	20000
32400000	0	20000
32420000	0	20000
32440000	0	20000
32460000	0	20000
32480000	0	20000
32500000	0	20000
32520000	0	20000
32540000	0	20000
32560000	0	20000
32580000	0	20000
32600000	0	20000
32620000	0	20000
32640000	0	20000
32660000	0	20000
32680000	0	20000
32700000	0	20000
32720000	-20000	20002.99978
32740000	-20000	20002.99978
32760000	0	20000
32780000	-20000	20002.99978
32800000	-20000	20002.99978
32820000	-20000	20002.99978
32840000	-20000	20002.99978
32860000	-20000	20002.99978
32880000	-20000	20002.99978
32900000	-20000	20002.99978
32920000	-20000	20002.99978
32940000	-20000	20002.99978
32960000	-20000	20002.99978
32980000	-20000	20002.99978
33000000	-20000	20002.99978
33020000	-20000	20002.99978
33040000	-20000	20002.99978
33060000	-20000	20002.99978
33080000	-20000	20002.99978
33100000	-20000	20002.99978
33120000	-20000	20002.99978
33140000	-20000	20002.99978
33160000	-20000	20002.99978
33180000	-20000	20002.99978
33200000	-20000	20002.99978
33220000	-20000	20002.99978
33240000	-20000	20002.99978
33260000	-20000	20002.99978
33280000	-20000	20002.99978
33300000	-40000	20011.9964
33320000	-20000	20002.99978
33340000	-40000	20011.9964
33360000	-20000	20002.99978
33380000	-20000	20002.99978
33400000	-20000	20002.99978
33420000	-20000	20002.99978
33440000	-20000	20002.99978
33460000	-40000	20011.9964
33480000	-20000	20002.99978
33500000	-20000	20002.99978
33520000	-40000	20011.9964
33540000	-40000	20011.9964
33560000	-40000	20011.9964
33580000	-40000	20011.9964
33600000	-40000	20011.9964
33620000	-40000	20011.9964
33640000	-40000	20011.9964
33660000	-40000	20011.9964
33680000	-40000	20011.9964
33700000	-40000	20011.9964
33720000	-40000	20011.9964
33740000	-20000	20002.99978
33760000	-40000	20011.9964
33780000	-40000	20011.9964
33800000	-40000	20011.9964
33820000	-40000	20011.9964
33840000	-40000	20011.9964
33860000	-40000	20011.9964
33880000	-20000	20002.99978
33900000	-40000	20011.9964
33920000	-20000	20002.99978
33940000	-40000	20011.9964
33960000	-20000	20002.99978
33980000	-20000	20002.99978
34000000	-20000	20002.99978
34020000	-40000	20011.9964
34040000	-40000	20011.9964
34060000	-40000	20011.9964
34080000	-40000	20011.9964
34100000	-20000	20002.99978
34120000	-40000	20011.9964
34140000	-40000	20011.9964
34160000	-40000	20011.9964
34180000	-40000	20011.9964
34200000	-40000	20011.9964
34220000	-40000	20011.9964
34240000	-40000	20011.9964
34260000	-20000	20002.99978
34280000	-40000	20011.9964
34300000	-20000	20002.99978
34320000	-20000	20002.99978
34340000	-20000	20002.99978
34360000	-20000	20002.99978
34380000	-20000	20002.99978
34400000	-20000	20002.99978
34420000	-20000	20002.99978
34440000	-20000	20002.99978
34460000	-20000	20002.99978
34480000	-20000	20002.99978
34500000	-20000	20002.99978
34520000	-20000	20002.99978
34540000	-20000	20002.99978
34560000	-20000	20002.99978
34580000	-20000	20002.99978
34600000	-20000	20002.99978
34620000	-20000	20002.99978
34640000	-20000	20002.99978
34660000	-20000	20002.99978
34680000	-20000	20002.99978
34700000	-20000	20002.99978
34720000	-20000	20002.99978
34740000	-20000	20002.99978
34760000	-20000	20002.99978
34780000	-20000	20002.99978
34800000	-20000	20002.99978
34820000	-20000	20002.99978
34840000	-20000	20002.99978
34860000	-20000	20002.99978
34880000	-20000	20002.99978
34900000	-20000	20002.99978
34920000	-20000	20002.99978
34940000	0	20000
34960000	-20000	20002.99978
34980000	-20000	20002.99978
35000000	-20000	20002.99978
35020000	0	20000
35040000	-20000	20002.99978
35060000	-20000	20002.99978
35080000	0	20000
35100000	0	20000
35120000	0	20000
35140000	0	20000
35160000	0	20000
35180000	0	20000
35200000	0	20000
35220000	0	20000
35240000	0	20000
35260000	0	20000
35280000	0	20000
35300000	0	20000
35320000	0	20000
35340000	0	20000
35360000	0	20000
35380000	0	20000
35400000	0	20000
35420000	0	20000
35440000	0	20000
35460000	0	20000
35480000	0	20000
35500000	0	20000
35520000	0	20000
35540000	0	20000
35560000	0	20000
35580000	0	20000
35600000	20000	20002.99978
35620000	20000	20002.99978
35640000	20000	20002.99978
35660000	20000	20002.99978
35680000	20000	20002.99978
35700000	20000	20002.99978
35720000	20000	20002.99978
35740000	20000	20002.99978
35760000	20000	20002.99978
35780000	20000	20002.99978
35800000	20000	20002.99978
35820000	20000	20002.99978
35840000	20000	20002.99978
35860000	20000	20002.99978
35880000	20000	20002.99978
35900000	20000	20002.99978
35920000	20000	20002.99978
35940000	20000	20002.99978
35960000	20000	20002.99978
35980000	20000	20002.99978
36000000	20000	20002.99978
36020000	40000	20011.9964
36040000	20000	20002.99978
36060000	20000	20002.99978
36080000	20000	20002.99978
36100000	40000	20011.9964
36120000	40000	20011.9964
36140000	20000	20002.99978
36160000	40000	20011.9964
36180000	20000	20002.99978
36200000	40000	20011.9964
36220000	40000	20011.9964
36240000	40000	20011.9964
36260000	40000	20011.9964
36280000	40000	20011.9964
36300000	40000	20011.9964
36320000	40000	20011.9964
36340000	40000	20011.9964
36360000	40000	20011.9964
36380000	40000	20011.9964
36400000	40000	20011.9964
36420000	40000	20011.9964
36440000	40000	20011.9964
36460000	40000	20011.9964
36480000	40000	20011.9964
36500000	40000	20011.9964
36520000	40000	20011.9964
36540000	40000	20011.9964
36560000	40000	20011.9964
36580000	40000	20011.9964
36600000	40000	20011.9964
36620000	40000	20011.9964
36640000	40000	20011.9964
36660000	40000	20011.9964
36680000	40000	20011.9964
36700000	40000	20011.9964
36720000	40000	20011.9964
36740000	40000	20011.9964
36760000	60000	20026.9818
36780000	40000	20011.9964
36800000	40000	20011.9964
36820000	40000	20011.9964
36840000	40000	20011.9964
36860000	60000	20026.9818
36880000	60000	20026.9818
36900000	60000	20026.9818
36920000	40000	20011.9964
36940000	60000	20026.9818
36960000	60000	20026.9818
36980000	40000	20011.9964
37000000	60000	20026.9818
37020000	60000	20026.9818
37040000	60000	20026.9818
37060000	60000	20026.9818
37080000	60000	20026.9818
37100000	40000	20011.9964
37120000	40000	20011.9964
37140000	60000	20026.9818
37160000	60000	20026.9818
37180000	60000	20026.9818
37200000	60000	20026.9818
37220000	60000	20026.9818
37240000	60000	20026.9818
37260000	60000	20026.9818
37280000	60000	20026.9818
37300000	60000	20026.9818
37320000	60000	20026.9818
37340000	60000	20026.9818
37360000	60000	20026.9818
37380000	60000	20026.9818
37400000	60000	20026.9818
37420000	60000	20026.9818
37440000	60000	20026.9818
37460000	60000	20026.9818
37480000	60000	20026.9818
37500000	60000	20026.9818
37520000	60000	20026.9818
37540000	60000	20026.9818
37560000	60000	20026.9818
37580000	60000	20026.9818
37600000	60000	20026.9818
37620000	60000	20026.9818
37640000	60000	20026.9818
37660000	60000	20026.9818
37680000	60000	20026.9818
37700000	60000	20026.9818
37720000	60000	20026.9818
37740000	60000	20026.9818
37760000	60000	20026.9818
37780000	60000	20026.9818
37800000	60000	20026.9818
37820000	60000	20026.9818
37840000	60000	20026.9818
37860000	60000	20026.9818
37880000	60000	20026.9818
37900000	60000	20026.9818
37920000	60000	20026.9818
37940000	60000	20026.9818
37960000	60000	20026.9818
37980000	60000	20026.9818
38000000	60000	20026.9818
38020000	60000	20026.9818
38040000	60000	20026.9818
38060000	60000	20026.9818
38080000	60000	20026.9818
38100000	60000	20026.9818
38120000	60000	20026.9818
38140000	60000	20026.9818
38160000	60000	20026.9818
38180000	60000	20026.9818
38200000	60000	20026.9818
38220000	40000	20011.9964
38240000	60000	20026.9818
38260000	60000	20026.9818
38280000	60000	20026.9818
38300000	60000	20026.9818
38320000	60000	20026.9818
38340000	60000	20026.9818
38360000	60000	20026.9818
38380000	60000	20026.9818
38400000	40000	20011.9964
38420000	40000	20011.9964
38440000	60000	20026.9818
38460000	60000	20026.9818
38480000	60000	20026.9818
38500000	40000	20011.9964
38520000	60000	20026.9818
38540000	40000	20011.9964
38560000	60000	20026.9818
38580000	40000	20011.9964
38600000	40000	20011.9964
38620000	40000	20011.9964
38640000	40000	20011.9964
38660000	40000	20011.9964
38680000	40000	20011.9964
38700000	40000	20011.9964
38720000	40000	20011.9964
38740000	40000	20011.9964
38760000	40000	20011.9964
38780000	40000	20011.9964
38800000	40000	20011.9964
38820000	40000	20011.9964
38840000	40000	20011.9964
38860000	40000	20011.9964
38880000	40000	20011.9964
38900000	40000	20011.9964
38920000	40000	20011.9964
38940000	40000	20011.9964
38960000	40000	20011.9964
38980000	40000	20011.9964
39000000	40000	20011.9964
39020000	40000	20011.9964
39040000	40000	20011.9964
39060000	40000	20011.9964
39080000	40000	20011.9964
39100000	40000	20011.9964
39120000	40000	20011.9964
39140000	20000	20002.99978
39160000	40000	20011.9964
39180000	40000	20011.9964
39200000	20000	20002.99978
39220000	40000	20011.9964
39240000	40000	20011.9964
39260000	20000	20002.99978
39280000	20000	20002.99978
39300000	20000	20002.99978
39320000	40000	20011.9964
39340000	20000	20002.99978
39360000	40000	20011.9964
39380000	20000	20002.99978
39400000	20000	20002.99978
39420000	20000	20002.99978
39440000	20000	20002.99978
39460000	20000	20002.99978
39480000	20000	20002.99978
39500000	20000	20002.99978
39520000	20000	20002.99978
39540000	20000	20002.99978
39560000	20000	20002.99978
39580000	20000	20002.99978
39600000	20000	20002.99978
39620000	20000	20002.99978
39640000	20000	20002.99978
39660000	20000	20002.99978
39680000	20000	20002.99978
39700000	20000	20002.99978
39720000	20000	20002.99978
39740000	20000	20002.99978
39760000	20000	20002.99978
39780000	20000	20002.99978
39800000	20000	20002.99978
39820000	20000	20002.99978
39840000	20000	20002.99978
39860000	20000	20002.99978
39880000	20000	20002.99978
39900000	20000	20002.99978
39920000	20000	20002.99978
39940000	20000	20002.99978
39960000	20000	20002.99978
39980000	20000	20002.99978
40000000	20000	20002.99978
40020000	20000	20002.99978
40040000	20000	20002.99978
40060000	20000	20002.99978
40080000	0	20000
40100000	0	20000
40120000	0	20000
40140000	20000	20002.99978
40160000	20000	20002.99978
40180000	0	20000
40200000	0	20000
40220000	0	20000
40240000	0	20000
40260000	0	20000
40280000	0	20000
40300000	0	20000
40320000	20000	20002.99978
40340000	0	20000
40360000	0	20000
40380000	0	20000
40400000	0	20000
40420000	0	20000
40440000	0	20000
40460000	0	20000
40480000	0	20000
40500000	0	20000
40520000	0	20000
40540000	0	20000
40560000	0	20000
40580000	0	20000
40600000	0	20000
40620000	0	20000
40640000	0	20000
40660000	0	20000
40680000	0	20000
40700000	0	20000
40720000	0	20000
40740000	0	20000
40760000	0	20000
40780000	0	20000
40800000	0	20000
40820000	0	20000
40840000	0	20000
40860000	0	20000
40880000	0	20000
40900000	0	20000
40920000	0	20000
40940000	0	20000
40960000	0	20000
40980000	0	20000
41000000	0	20000
41020000	0	20000
41040000	0	20000
41060000	0	20000
41080000	0	20000
41100000	0	20000
41120000	0	20000
41140000	0	20000
41160000	0	20000
41180000	0	20000
41200000	0	20000
41220000	0	20000
41240000	0	20000
41260000	0	20000
41280000	0	20000
41300000	0	20000
41320000	0	20000
41340000	0	20000
41360000	0	20000
41380000	0	20000
41400000	0	20000
41420000	0	20000
41440000	0	20000
41460000	0	20000
41480000	0	20000
41500000	0	20000
41520000	0	20000
41540000	0	20000
41560000	0	20000
41580000	0	20000
41600000	0	20000
41620000	0	20000
41640000	0	20000
41660000	0	20000
41680000	0	20000
41700000	0	20000
41720000	0	20000
41740000	0	20000
41760000	0	20000
41780000	0	20000
41800000	0	20000
41820000	0	20000
41840000	0	20000
41860000	0	20000
41880000	0	20000
41900000	0	20000
41920000	0	20000
41940000	0	20000
41960000	0	20000
41980000	0	20000
42000000	0	20000
42020000	0	20000
42040000	0	20000
42060000	0	20000
42080000	0	20000
42100000	0	20000
42120000	0	20000
42140000	0	20000
42160000	0	20000
42180000	0	20000
42200000	0	20000
42220000	0	20000
42240000	0	20000
42260000	0	20000
42280000	0	20000
42300000	0	20000
42320000	0	20000
42340000	0	20000
42360000	0	20000
42380000	0	20000
42400000	0	20000
42420000	0	20000
42440000	0	20000
42460000	0	20000
42480000	0	20000
42500000	20000	20002.99978
42520000	0	20000
42540000	0	20000
42560000	0	20000
42580000	0	20000
42600000	0	20000
42620000	0	20000
42640000	20000	20002.99978
42660000	0	20000
42680000	0	20000
42700000	0	20000
42720000	0	20000
42740000	0	20000
42760000	20000	20002.99978
42780000	20000	20002.99978
42800000	20000	20002.99978
42820000	20000	20002.99978
42840000	20000	20002.99978
42860000	0	20000
42880000	20000	20002.99978
42900000	20000	20002.99978
42920000	20000	20002.99978
42940000	20000	20002.99978
42960000	20000	20002.99978
42980000	20000	20002.99978
43000000	20000	20002.99978
43020000	20000	20002.99978
43040000	20000	20002.99978
43060000	0	20000
43080000	20000	20002.99978
43100000	20000	20002.99978
43120000	20000	20002.99978
43140000	20000	20002.99978
43160000	20000	20002.99978
43180000	20000	20002.99978
43200000	20000	20002.99978
43220000	20000	20002.99978
43240000	20000	20002.99978
43260000	20000	20002.99978
43280000	20000	20002.99978
43300000	20000	20002.99978
43320000	20000	20002.99978
43340000	20000	20002.99978
43360000	20000	20002.99978
43380000	20000	20002.99978
43400000	20000	20002.99978
43420000	20000	20002.99978
43440000	20000	20002.99978
43460000	20000	20002.99978
43480000	20000	20002.99978
43500000	20000	20002.99978
43520000	20000	20002.99978
43540000	20000	20002.99978
43560000	20000	20002.99978
43580000	20000	20002.99978
43600000	20000	20002.99978
43620000	20000	20002.99978
43640000	20000	20002.99978
43660000	20000	20002.99978
43680000	20000	20002.99978
43700000	20000	20002.99978
43720000	20000	20002.99978
43740000	20000	20002.99978
43760000	20000	20002.99978
43780000	20000	20002.99978
43800000	20000	20002.99978
43820000	20000	20002.99978
43840000	20000	20002.99978
43860000	20000	20002.99978
43880000	40000	20011.9964
43900000	20000	20002.99978
43920000	20000	20002.99978
43940000	20000	20002.99978
43960000	20000	20002.99978
43980000	20000	20002.99978
44000000	40000	20011.9964
44020000	40000	20011.9964
44040000	40000	20011.9964
44060000	20000	20002.99978
44080000	20000	20002.99978
44100000	40000	20011.9964
44120000	20000	20002.99978
44140000	20000	20002.99978
44160000	20000	20002.99978
44180000	20000	20002.99978
44200000	40000	20011.9964
44220000	40000	20011.9964
44240000	40000	20011.9964
44260000	20000	20002.99978
44280000	40000	20011.9964
44300000	20000	20002.99978
44320000	40000	20011.9964
44340000	40000	20011.9964
44360000	40000	20011.9964
44380000	40000	20011.9964
44400000	40000	20011.9964
44420000	40000	20011.9964
44440000	40000	20011.9964
44460000	40000	20011.9964
44480000	40000	20011.9964
44500000	40000	20011.9964
44520000	40000	20011.9964
44540000	40000	20011.9964
44560000	40000	20011.9964
44580000	40000	20011.9964
44600000	40000	20011.9964
44620000	20000	20002.99978
44640000	40000	20011.9964
44660000	40000	20011.9964
44680000	40000	20011.9964
44700000	40000	20011.9964
44720000	40000	20011.9964
44740000	40000	20011.9964
44760000	40000	20011.9964
44780000	40000	20011.9964
44800000	40000	20011.9964
44820000	40000	20011.9964
44840000	40000	20011.9964
44860000	40000	20011.9964
44880000	40000	20011.9964
44900000	40000	20011.9964
44920000	40000	20011.9964
44940000	40000	20011.9964
44960000	40000	20011.9964
44980000	40000	20011.9964
45000000	40000	20011.9964
45020000	40000	20011.9964
45040000	40000	20011.9964
45060000	40000	20011.9964
45080000	40000	20011.9964
45100000	40000	20011.9964
45120000	40000	20011.9964
45140000	40000	20011.9964
45160000	40000	20011.9964
45180000	40000	20011.9964
45200000	40000	20011.9964
45220000	40000	20011.9964
45240000	40000	20011.9964
45260000	40000	20011.9964
45280000	40000	20011.9964
45300000	40000	20011.9964
45320000	40000	20011.9964
45340000	40000	20011.9964
45360000	40000	20011.9964
45380000	40000	20011.9964
45400000	40000	20011.9964
45420000	40000	20011.9964
45440000	40000	20011.9964
45460000	40000	20011.9964
45480000	40000	20011.9964
45500000	40000	20011.9964
45520000	40000	20011.9964
45540000	40000	20011.9964
45560000	40000	20011.9964
45580000	40000	20011.9964
45600000	40000	20011.9964
45620000	40000	20011.9964
45640000	40000	20011.9964
45660000	40000	20011.9964
45680000	40000	20011.9964
45700000	40000	20011.9964
45720000	40000	20011.9964
45740000	40000	20011.9964
45760000	40000	20011.9964
45780000	40000	20011.9964
45800000	40000	20011.9964
45820000	40000	20011.9964
45840000	40000	20011.9964
45860000	40000	20011.9964
45880000	40000	20011.9964
45900000	40000	20011.9964
45920000	40000	20011.9964
45940000	40000	20011.9964
45960000	40000	20011.9964
45980000	40000	20011.9964
46000000	40000	20011.9964
46020000	40000	20011.9964
46040000	40000	20011.9964
46060000	40000	20011.9964
46080000	40000	20011.9964
46100000	40000	20011.9964
46120000	40000	20011.9964
46140000	20000	20002.99978
46160000	40000	20011.9964
46180000	40000	20011.9964
46200000	40000	20011.9964
46220000	20000	20002.99978
46240000	40000	20011.9964
46260000	40000	20011.9964
46280000	40000	20011.9964
46300000	40000	20011.9964
46320000	20000	20002.99978
46340000	40000	20011.9964
46360000	20000	20002.99978
46380000	40000	20011.9964
46400000	20000	20002.99978
46420000	20000	20002.99978
46440000	40000	20011.9964
46460000	20000	20002.99978
46480000	40000	20011.9964
46500000	40000	20011.9964
46520000	40000	20011.9964
46540000	40000	20011.9964
46560000	20000	20002.99978
46580000	20000	20002.99978
46600000	20000	20002.99978
46620000	20000	20002.99978
46640000	20000	20002.99978
46660000	20000	20002.99978
46680000	40000	20011.9964
46700000	20000	20002.99978
46720000	40000	20011.9964
